1.10E+03
2.00E+03
3.00E+03
4.00E+03
5.00E+03
6.00E+03
9.00E+03
1.20E+04
1.50E+04
1.80E+04
2.10E+04
2.40E+04
2.70E+04
3.00E+04
3.30E+04
3.60E+04
3.90E+04
4.20E+04
4.50E+04
4.80E+04
5.10E+04
3979062
3980062
3981062
3982062
3983062
3984062
3985062
3986062
3987062
3988062
3989062
3990062
3991062
3992062
3993062
3994062
3995062
3996062
3997062
3998062
3999062
4000063
4001063
4002063
4003063
4004063
4005063
4006063
4007063
4008063
4009063
4010063
4011063
4012063
4013063
4014063
4015063
4016063
4017063
4018063
4019063
7978125
7979125
7980125
7981125
7982125
7983125
7984125
7985125
7986125
7987125
7988125
7989125
7990125
7991125
7992125
7993125
7994125
7995125
7996125
7997125
7998125
7999125
8000125
8001125
8002125
8003125
8004125
8005125
8006125
8007125
8008125
8009125
8010125
8011125
8012125
8013125
8014125
8015125
8016125
11996187
11997187
11998187
11999187
12000188
12001188
12002188
12003188
12004188
15983250
15984250
15985250
15986250
15987250
15988250
15989250
15990250
15991250
15992250
15993250
15994250
15995250
15996250
15997250
15998250
15999250
16000250
16001250
16002250
16003250
16004250
16005250
16006250
16007250
16008250
16009250
16010250
16011250
16012250
16013250
16014250
16015250
16016250
16017250
19991312
19992312
19993312
19994312
19995312
19996312
19997312
19998312
19999312
20000313
20001313
20002313
20003313
20004313
20005313
20006313
20007313
20008313
20009313
20010313
20011313
20012313
23988375
23989375
23990375
23991375
23992375
23993375
23994375
23995375
23996375
23997375
23998375
23999375
24000375
24001375
24002375
24003375
24004375
24005375
24006375
24007375
24008375
24009375
24010375
24011375
24012375
24013375
24014375
24015375
24016375
24017375
24018375
24019375
24020375
24021375
27986437
27987437
27988437
27989437
27990437
27991437
27992437
27993437
27994437
27995437
27996437
27997437
27998437
27999437
28000438
28001438
28002438
28003438
28004438
28005438
28006438
28007438
28008438
28009438
35989562
35990562
35991562
35992562
35993562
35994562
35995562
35996562
35997562
35998562
35999562
36000563
36001563
36002563
36003563
36004563
36005563
36006563
36007563
36008563
36009563
36010563
36011563
36012563
36013563
39990625
39991625
39992625
39993625
39994625
39995625
39996625
39997625
39998625
39999625
40000625
40001625
40002625
40003625
40004625
40005625
40006625
40007625
40008625
40009625
40010625
40011625
40012625
47993750
47994750
47995750
47996750
47997750
47998750
47999750
48000750
48001750
48002750
48003750
48004750
48005750
48006750
48007750
48008750
48009750
48010750
48011750
51996812
51997812
51998812
51999813
52000813
52001813
52002813
52003813
52004813
55993875
55994875
55995875
55996875
55997875
55998875
55999875
56000875
56001875
56002875
56003875
56004875
56005875
56006875
56007875
56008875
56009875
56010875
59994937
59995937
59996937
59997937
59998937
59999938
60000938
60001938
60002938
60003938
60004938
60005938
60006938
60007938
60008938
60009938
67993062
67994062
67995062
67996062
67997062
67998062
67999062
68000063
68001063
68002063
68003063
68004063
68005063
68006063
71985125
71986125
71987125
71988125
71989125
71990125
71991125
71992125
71993125
71994125
71995125
71996125
71997125
71998125
71999125
72000125
72001125
72002125
72003125
72004125
72005125
72006125
72007125
72008125
72009125
79990250
79991250
79992250
79993250
79994250
79995250
79996250
79997250
79998250
79999250
80000250
80001250
80002250
80003250
80004250
80005250
80006250
80007250
80008250
80009250
80010250
80011250
80012250