10000.15625
12000.0
15000.0
18000.0
21000.0
24000.0
27000.0
30000.0
33000.0
36000.0
39000.0
42000.0
45000.0
48000.0
51000.0
57000.89064
65001.01564
73001.14064
82001.28127
91001.4219
93001.45315
95001.4844
99001.5469
102001.5938
105001.6407
106001.6563
107001.6719
111001.7344
112001.75
114001.7813
116001.8125
120001.875
124001.9375
131002.0469
139002.1719
154002.4063
184002.875
200003.125
230003.5938
257004.0157
290004.5313
330005.1563
350005.4688
384006.0001
417006.5157
469007.3282
498007.7814
561008.7658
600009.3751
635009.922
690010.7814
723011.2971
759011.8596
821012.8283
878013.719
947014.7971
1029016.078
1117017.453
1236019.313
1360021.25
1514023.657
1692026.438
1889029.516
2264035.376
2704042.251
3386052.907
3948061.688
3979062.0
3980062.0
3981062.0
3982062.0
3983062.0
3984062.0
3985062.0
3986062.0
3987062.0
3988062.0
3989062.0
3990062.0
3991062.0
3992062.0
3993062.0
3994062.0
3995062.0
3996062.0
3997062.0
3998062.0
3999062.0
4000063.0
4001063.0
4002063.0
4003063.0
4004063.0
4005063.0
4006063.0
4007063.0
4008063.0
4009063.0
4010063.0
4011063.0
4012063.0
4013063.0
4014063.0
4015063.0
4016063.0
4017063.0
4018063.0
4019063.0
4129064.517
4772074.564
5077079.329
5378084.033
5705089.142
6002093.783
6203096.923
6421100.33
6639103.736
6861107.205
7018109.658
7151111.736
7307114.174
7459116.549
7651119.549
7795121.799
7946124.158
7978125.0
7979125.0
7980125.0
7981125.0
7982125.0
7983125.0
7984125.0
7985125.0
7986125.0
7987125.0
7988125.0
7989125.0
7990125.0
7991125.0
7992125.0
7993125.0
7994125.0
7995125.0
7996125.0
7997125.0
7998125.0
7999125.0
8000125.0
8001125.0
8002125.0
8003125.0
8004125.0
8005125.0
8006125.0
8007125.0
8008125.0
8009125.0
8010125.0
8011125.0
8012125.0
8013125.0
8014125.0
8015125.0
8016125.0
8056125.877
8221128.455
8385131.018
8472132.377
8583134.111
8712136.127
8847138.237
8943139.737
9073141.768
9157143.08
9245144.455
9360146.252
9479148.112
9574149.596
9707151.674
9834153.659
9948155.44
10082157.53
10241160.02
10364161.94
10486163.85
10595165.55
10691167.05
10783168.49
10877169.96
10924170.69
11039172.49
11128173.88
11220175.32
11322176.91
11378177.78
11480179.38
11605181.33
11683182.55
11783184.11
11853185.21
11941186.58
11979187.17
11994187.41
11996187.0
11997187.0
11998187.0
11999187.0
12000188.0
12001188.0
12002188.0
12003188.0
12004188.0
12018187.78
12103189.11
12192190.5
12287191.99
12389193.58
12456194.63
12564196.32
12648197.63
12737199.02
12858200.91
12916201.82
13007203.24
13096204.63
13181205.96
13276207.44
13355208.68
13455210.24
13550211.72
13628212.94
13727214.49
13790215.47
13877216.83
13945217.89
14054219.6
14104220.38
14176221.5
14307223.55
14419225.3
14518226.85
14598228.1
14679229.36
14754230.53
14901232.83
14964233.82
15081235.64
15138236.53
15255238.36
15341239.71
15448241.38
15529242.64
15637244.33
15764246.32
15867247.93
15915248.68
15969249.52
15983250.0
15984250.0
15985250.0
15986250.0
15987250.0
15988250.0
15989250.0
15990250.0
15991250.0
15992250.0
15993250.0
15994250.0
15995250.0
15996250.0
15997250.0
15998250.0
15999250.0
16000250.0
16001250.0
16002250.0
16003250.0
16004250.0
16005250.0
16006250.0
16007250.0
16008250.0
16009250.0
16010250.0
16011250.0
16012250.0
16013250.0
16014250.0
16015250.0
16016250.0
16017250.0
16035250.55
16089251.39
16210253.29
16327255.11
16421256.58
16509257.96
16643260.05
16775262.11
16882263.79
17014265.85
17159268.11
17318270.6
17500273.44
17641275.64
17768277.63
17907279.8
18108282.94
18240285.0
18417287.77
18629291.08
18801293.77
19000296.88
19183299.74
19382302.85
19564305.69
19794309.29
19984312.25
19991312.0
19992312.0
19993312.0
19994312.0
19995312.0
19996312.0
19997312.0
19998312.0
19999312.0
20000313.0
20001313.0
20002313.0
20003313.0
20004313.0
20005313.0
20006313.0
20007313.0
20008313.0
20009313.0
20010313.0
20011313.0
20012313.0
20107314.18
20265316.65
20476319.94
20668322.94
20896326.51
21095329.61
21311332.99
21647338.24
21796340.57
22113345.52
22494351.47
22939358.43
23292363.94
23653369.58
23957374.33
23988375.0
23989375.0
23990375.0
23991375.0
23992375.0
23993375.0
23994375.0
23995375.0
23996375.0
23997375.0
23998375.0
23999375.0
24000375.0
24001375.0
24002375.0
24003375.0
24004375.0
24005375.0
24006375.0
24007375.0
24008375.0
24009375.0
24010375.0
24011375.0
24012375.0
24013375.0
24014375.0
24015375.0
24016375.0
24017375.0
24018375.0
24019375.0
24020375.0
24021375.0
24151377.37
24496382.76
24823387.87
25352396.13
25717401.83
25947405.43
26274410.54
26739417.8
27164424.44
27581430.96
27945436.65
27986437.0
27987437.0
27988437.0
27989437.0
27990437.0
27991437.0
27992437.0
27993437.0
27994437.0
27995437.0
27996437.0
27997437.0
27998437.0
27999437.0
28000438.0
28001438.0
28002438.0
28003438.0
28004438.0
28005438.0
28006438.0
28007438.0
28008438.0
28009438.0
28047438.24
28400443.76
28881451.27
29480460.63
29888467.01
30407475.12
30986484.16
31461491.59
31898498.41
31998499.98
31999499.99
32000500.01
32001500.02
32089501.4
32561508.77
33058516.54
33370521.41
33795528.06
34283535.68
34699542.18
35004546.95
35426553.54
35798559.35
35983562.24
35989562.0
35990562.0
35991562.0
35992562.0
35993562.0
35994562.0
35995562.0
35996562.0
35997562.0
35998562.0
35999562.0
36000563.0
36001563.0
36002563.0
36003563.0
36004563.0
36005563.0
36006563.0
36007563.0
36008563.0
36009563.0
36010563.0
36011563.0
36012563.0
36013563.0
36148564.82
36643572.56
37098579.67
37373583.96
37802590.67
38259597.81
38638603.73
39049610.15
39410615.79
39868622.95
39988624.82
39990625.0
39991625.0
39992625.0
39993625.0
39994625.0
39995625.0
39996625.0
39997625.0
39998625.0
39999625.0
40000625.0
40001625.0
40002625.0
40003625.0
40004625.0
40005625.0
40006625.0
40007625.0
40008625.0
40009625.0
40010625.0
40011625.0
40012625.0
40173627.71
40567633.87
40927639.49
41279644.99
41577649.65
41949655.46
42308661.07
42644666.32
43142674.1
43511679.87
43841685.03
43982687.23
43997687.46
43998687.48
43999687.5
44000687.51
44004687.57
44098689.04
44346692.92
44605696.96
44957702.46
45234706.79
45540711.57
45940717.82
46270722.98
46608728.26
46927733.25
47185737.28
47388740.45
47693745.21
47983749.75
47993750.0
47994750.0
47995750.0
47996750.0
47997750.0
47998750.0
47999750.0
48000750.0
48001750.0
48002750.0
48003750.0
48004750.0
48005750.0
48006750.0
48007750.0
48008750.0
48009750.0
48010750.0
48011750.0
48110751.73
48449757.03
48786762.29
49080766.89
49294770.23
49624775.39
49963780.68
50324786.32
50609790.78
50905795.4
51108798.58
51428803.58
51606806.36
51973812.09
51996812.0
51997812.0
51998812.0
51999813.0
52000813.0
52001813.0
52002813.0
52003813.0
52004813.0
52099814.06
52329817.65
52611822.06
52832825.51
53042828.79
53242831.92
53507836.06
53756839.95
53922842.54
54239847.5
54498851.54
54798856.23
55109861.09
55393865.53
55700870.33
55939874.06
55993875.0
55994875.0
55995875.0
55996875.0
55997875.0
55998875.0
55999875.0
56000875.0
56001875.0
56002875.0
56003875.0
56004875.0
56005875.0
56006875.0
56007875.0
56008875.0
56009875.0
56010875.0
56169877.65
56444881.95
56729886.4
56968890.14
57245894.47
57508898.58
57769902.65
57991906.12
58272910.51
58482913.8
58755918.06
58978921.55
59179924.69
59481929.41
59683932.56
59865935.41
59994937.0
59995937.0
59996937.0
59997937.0
59998937.0
59999938.0
60000938.0
60001938.0
60002938.0
60003938.0
60004938.0
60005938.0
60006938.0
60007938.0
60008938.0
60009938.0
60218940.92
60490945.17
60818950.3
61050953.92
61267957.31
61409959.53
61638963.11
61790965.48
61992968.64
62227972.31
62425975.41
62615978.37
62792981.14
63019984.69
63202987.55
63392990.52
63630994.23
63884998.2
63998999.98
64000000.0
64001000.02
64257004.02
64394006.16
64563008.8
64730011.41
64867013.55
65096017.13
65250019.53
65453022.7
65778027.78
66055032.11
66225034.77
66368037.0
66588040.44
66770043.28
67006046.97
67246050.72
67429053.58
67603056.3
67770058.91
67993062.0
67994062.0
67995062.0
67996062.0
67997062.0
67998062.0
67999062.0
68000063.0
68001063.0
68002063.0
68003063.0
68004063.0
68005063.0
68006063.0
68236066.19
68462069.72
68666072.91
68895076.49
69105079.77
69251082.05
69438084.97
69717089.33
69868091.69
70102095.35
70346099.16
70641103.77
70879107.49
71063110.36
71297114.02
71511117.36
71636119.31
71899123.42
71985125.0
71986125.0
71987125.0
71988125.0
71989125.0
71990125.0
71991125.0
71992125.0
71993125.0
71994125.0
71995125.0
71996125.0
71997125.0
71998125.0
71999125.0
72000125.0
72001125.0
72002125.0
72003125.0
72004125.0
72005125.0
72006125.0
72007125.0
72008125.0
72009125.0
72168127.63
72321130.02
72542133.47
72705136.02
72877138.71
73099142.17
73261144.71
73452147.69
73667151.05
73912154.88
74144158.5
74308161.07
74460163.44
74624166.0
74774168.35
74973171.46
75176174.63
75378177.78
75593181.14
75848185.13
75997187.46
75999187.49
76000187.5
76001187.52
76033188.02
76260191.57
76421194.08
76594196.78
76720198.75
76921201.89
77145205.39
77343208.49
77513211.14
77641213.14
77768215.13
77927217.61
78167221.36
78328223.88
78461225.96
78630228.6
78881232.52
79052235.19
79242238.16
79458241.54
79684245.07
79861247.83
79972249.57
79990250.0
79991250.0
79992250.0
79993250.0
79994250.0
79995250.0
79996250.0
79997250.0
79998250.0
79999250.0
80000250.0
80001250.0
80002250.0
80003250.0
80004250.0
80005250.0
80006250.0
80007250.0
80008250.0
80009250.0
80010250.0
80011250.0
80012250.0
80117251.83
80262254.1
80400256.25
80524258.19
80748261.69
80929264.52
81128267.63
81287270.11
81514273.66
81664276.0
81818278.41
81933280.21
82053282.08
82196284.32
82424287.88
82610290.79
82735292.74
82964296.32
83200300.0
83292301.44
83460304.07
83649307.02
83772308.94
83955311.8
83994312.41
83998312.47
83999312.49
84000312.5
84001312.52
84005312.58
84049313.27
84206315.72
84356318.07
84549321.08
84707323.55
84815325.24
85024328.51
85185331.02
85321333.15
85416334.63
85594337.41
85764340.07
85988343.57
86194346.79
86343349.11
86482351.29
86692354.57
86910357.97
87115361.18
87304364.13
87512367.38
87646369.47
87898373.41
87992374.88
87998374.97
87999374.99
88000375.01
88001375.02
88011375.18
88111376.74
88245378.83
88429381.71
88653385.21
88775387.12
88957389.96
89121392.52
89346396.04
89540399.07
89709401.71
89963405.68
90119408.12
90287410.74
90510414.23
90675416.8
90828419.19
91060422.82
91186424.79
91365427.58
91581430.96
91774433.98
91910436.1
91991437.37
91997437.46
91998437.48
91999437.49
92000437.51
92001437.52
92004437.57
92031437.99
92248441.38
92395443.68
92582446.6
92720448.76
92817450.27
92977452.77
93111454.87
93308457.94
93468460.44
93675463.68
93793465.52
93942467.85
94068469.82
94246472.6
94405475.09
94584477.88
94824481.63
95023484.74
95168487.01
95267488.55
95446491.35
95625494.15
95881498.15
95988499.82
95997499.96
95998499.98
95999499.99
96000500.01
96001500.02
96010500.16
96249503.9
96476507.45
96629509.84
96828512.95
97012515.82
97133517.71
97270519.85
97448522.63
97630525.48
97852528.95
98032531.76
98280535.63
98481538.77
98605540.71
98767543.24
98949546.09
99113548.65
99289551.4
99440553.76
99557555.59
99732558.32
99861560.34
99993562.4
99998562.48
99999562.49
100000562.5
100001562.5
100007562.6
100108564.2
100253566.5
100431569.2
100639572.5
100835575.6
101023578.5
101225581.6
101331583.3
101477585.6
101666588.5
101807590.7
101987593.6
102127595.7
102319598.7
102479601.2
102671604.2
102894607.7
103073610.5
103248613.3
103482616.9
103606618.9
103730620.8
103853622.7
103987624.8
103996624.9
103998625.0
103999625.0
104000625.0
104001625.0
104005625.1
104038625.6
104170627.7
104347630.4
104509633.0
104675635.6
104860638.4
105024641.0
105217644.0
105400646.9
105536649.0
105718651.9
105954655.5
106163658.8
106293660.8
106450663.3
106597665.6
106799668.7
107010672.0
107165674.5
107347677.3
107557680.6
107713683.0
107865685.4
107994687.4
107998687.5
107999687.5
108000687.5
108004687.6
108097689.0
108261691.6
108344692.9
108515695.6
108675698.1
108843700.7
109065704.2
109171705.8
109392709.3
109605712.6
109838716.2
110001718.8
110194721.8
110401725.0
110522726.9
110720730.0
110895732.7
111030734.9
111194737.4
111449741.4
111620744.1
111750746.1
111991749.9
111997750.0
111998750.0
111999750.0
112000750.0
112002750.0
112024750.4
112199753.1
112333755.2
112543758.5
112774762.1
112943764.7
113107767.3
113307770.4
113480773.1
113661776.0
113814778.4
113994781.2
114155783.7
114367787.0
114625791.0
114818794.0
115033797.4
115215800.2
115379802.8
115495804.6
115720808.1
115896810.9
115988812.3
115997812.5
115998812.5
115999812.5
116000812.5
116003812.6
116070813.6
116240816.3
116381818.5
116565821.3
116736824.0
116914826.8
117026828.5
117174830.9
117327833.2
117464835.4
117656838.4
117864841.6
117975843.4
118164846.3
118312848.6
118487851.4
118687854.5
118890857.7
119004859.5
119175862.1
119393865.5
119573868.3
119753871.2
119961874.4
119998875.0
119999875.0
120000875.0
120036875.6
120180877.8
120412881.5
120571883.9
120773887.1
120934889.6
121116892.5
121348896.1
121519898.7
121718901.9
121829903.6
122031906.7
122204909.5
122359911.9
122531914.6
122685917.0
122836919.3
123047922.6
123222925.4
123424928.5
123523930.1
123698932.8
123889935.8
123997937.5
123998937.5
123999937.5
124000937.5
124028938.0
124191940.5
124395943.7
124589946.7
124805950.1
124967952.6
125053954.0
125158955.6
125314958.0
125480960.6
125615962.7
125775965.2
125956968.1
126090970.2
126266972.9
126396975.0
126555977.4
126736980.3
126926983.2
127137986.5
127251988.3
127413990.8
127620994.1
127752996.1
127890998.3
127999000.0
128000000.0
128001000.0
128178002.8
128343005.4
128456007.1
128703011.0
128871013.6
129012015.8
129177018.4
129346021.0
129501023.5
129668026.1
129808028.3
129983031.0
130168033.9
130383037.2
130586040.4
130828044.2
130990046.7
131134049.0
131302051.6
131546055.4
131730058.3
131884060.7
131998062.5
131999062.5
132000062.5
132001062.5
132116064.3
132264066.6
132385068.5
132586071.7
132752074.3
132908076.7
133078079.3
133261082.2
133381084.1
133524086.3
133689088.9
133917092.5
134118095.6
134281098.1
134413100.2
134538102.2
134686104.5
134829106.7
135016109.6
135212112.7
135399115.6
135524117.6
135737120.9
135940124.1
135997125.0
135999125.0
136000125.0
136001125.0
136014125.2
136216128.4
136389131.1
136521133.1
136674135.5
136844138.2
137090142.0
137240144.4
137395146.8
137554149.3
137687151.4
137888154.5
138084157.6
138302161.0
138428162.9
138520164.4
138697167.1
138896170.3
139034172.4
139231175.5
139429178.6
139626181.7
139830184.8
139995187.4
139999187.5
140000187.5
140001187.5
140020187.8
140194190.5
140389193.6
140676198.1
140861201.0
141108204.8
141299207.8
141501211.0
141685213.8
141931217.7
142074219.9
142252222.7
142417225.3
142591228.0
142799231.2
142986234.2
143144236.6
143349239.8
143522242.5
143696245.3
143908248.6
143995249.9
143999250.0
144000250.0
144001250.0
144010250.2
144158252.5
144359255.6
144545258.5
144731261.4
144892263.9
145042266.3
145154268.0
145338270.9
145548274.2
145731277.1
145922280.0
146062282.2
146253285.2
146440288.1
146576290.3
146701292.2
146873294.9
147043297.6
147214300.2
147372302.7
147592306.1
147782309.1
147923311.3
147993312.4
147998312.5
147999312.5
148000312.5
148001312.5
148006312.6
148095314.0
148307317.3
148512320.5
148630322.3
148851325.8
149066329.2
149231331.7
149438335.0
149620337.8
149769340.1
149995343.7
150147346.1
150362349.4
150547352.3
150671354.2
150907357.9
151071360.5
151335364.6
151517367.5
151721370.6
151954374.3
151997375.0
151999375.0
152000375.0
152001375.0
152020375.3
152161377.5
152342380.3
152554383.7
152795387.4
152923389.4
153056391.5
153266394.8
153487398.2
153658400.9
153868404.2
154053407.1
154213409.6
154382412.2
154554414.9
154705417.3
154948421.1
155152424.3
155341427.2
155528430.1
155748433.6
155924436.3
155994437.4
155998437.5
155999437.5
156000437.5
156001437.5
156007437.6
156095439.0
156275441.8
156423444.1
156550446.1
156753449.3
156962452.5
157104454.8
157334458.4
157480460.6
157622462.9
157772465.2
157942467.9
158139470.9
158361474.4
158496476.5
158735480.2
158942483.5
159144486.6
159301489.1
159537492.8
159736495.9
159964499.4
159996499.9
159998500.0
159999500.0
160000500.0
160001500.0
160007500.1
160107501.7
160303504.7
160467507.3
160687510.7
160845513.2
161013515.8
161207518.9
161369521.4
161522523.8
161655525.9
161864529.1
162004531.3
162144533.5
162260535.3
162476538.7
162632541.1
162781543.5
162973546.5
163177549.6
163387552.9
163524555.1
163765558.8
163972562.1
163997562.5
163998562.5
163999562.5
164000562.5
164003562.6
164071563.6
164316567.4
164495570.2
164699573.4
164849575.8
165057579.0
165255582.1
165477585.6
165604587.6
165832591.1
165970593.3
166201596.9
166365599.5
166517601.8
166707604.8
166843606.9
167036609.9
167242613.2
167426616.0
167670619.9
167841622.5
167969624.5
167995624.9
167998625.0
167999625.0
168000625.0
168002625.0
168017625.3
168227628.6
168398631.2
168610634.5
168799637.5
168967640.1
169119642.5
169350646.1
169525648.8
169686651.4
169858654.0
169976655.9
170197659.3
170359661.9
170553664.9
170706667.3
170939670.9
171108673.6
171320676.9
171571680.8
171770683.9
171949686.7
171996687.4
171998687.5
171999687.5
172000687.5
172003687.6
172042688.2
172272691.8
172442694.4
172574696.5
172698698.4
172940702.2
173143705.4
173393709.3
173553711.8
173776715.3
173960718.1
174119720.6
174323723.8
174521726.9
174680729.4
174906732.9
175073735.5
175227737.9
175427741.1
175623744.1
175853747.7
175994749.9
175998750.0
175999750.0
176000750.0
176007750.1
176101751.6
176343755.4
176552758.6
176785762.3
177043766.3
177234769.3
177365771.3
177490773.3
177676776.2
177886779.5
178096782.8
178256785.3
178420787.8
178602790.7
178833794.3
179010797.0
179234800.5
179401803.2
179615806.5
179780809.1
179994812.4
179998812.5
179999812.5
180000812.5
180006812.6
180152814.9
180279816.9
180467819.8
180593821.8
180755824.3
180938827.2
181152830.5
181320833.1
181499835.9
181644838.2
181843841.3
181974843.4
182134845.9
182375849.6
182569852.7
182711854.9
182890857.7
183091860.8
183322864.4
183513867.4
183687870.1
183887873.2
183997875.0
183998875.0
183999875.0
184000875.0
184033875.5
184240878.8
184550883.6
184754886.8
184934889.6
185084892.0
185290895.2
185395896.8
185574899.6
185741902.2
185913904.9
186115908.1
186283910.7
186519914.4
186736917.8
186928920.8
187115923.7
187334927.1
187484929.5
187716933.1
187895935.9
187998937.5
187999937.5
188000937.5
188074938.7
188319942.5
188554946.2
188792949.9
188922951.9
189170955.8
189355958.7
189564962.0
189762965.0
189883966.9
189981968.5
190178971.5
190405975.1
190571977.7
190743980.4
190910983.0
191175987.1
191362990.0
191600993.8
191744996.0
191835997.4
191978999.7
191999000.0
192000000.0
192001000.0
192190003.0
192355005.5
192579009.0
192841013.1
193079016.9
193270019.8
193454022.7
193655025.9
193816028.4
194001031.3
194171033.9
194357036.8
194565040.1
194753043.0
194991046.7
195244050.7
195386052.9
195569055.8
195714058.0
195878060.6
195999062.5
196000062.5
196001062.5
196116064.3
196325067.6
196522070.7
196714073.7
196861076.0
197102079.7
197346083.5
197557086.8
197709089.2
197846091.3
198002093.8
198236097.4
198462101.0
198674104.3
198801106.3
198969108.9
199197112.5
199378115.3
199607118.9
199760121.3
199982124.7
199998125.0
199999125.0
200000125.0
200001125.0
200026125.4
200248128.9
200374130.8
200553133.6
200791137.4
201057141.5
201239144.4
201482148.2
201707151.7
201868154.2
202055157.1
202235159.9
202375162.1
202572165.2
202737167.8
202987171.7
203146174.2
203294176.5
203493179.6
203673182.4
203858185.3
203985187.3
203998187.5
203999187.5
204000187.5
204001187.5
204018187.8
204275191.8
204504195.4
204657197.8
204788199.8
204971202.7
205172205.8
205360208.8
205584212.3
205775215.2
205942217.8
206189221.7
206382224.7
206557227.5
206706229.8
206903232.9
207137236.5
207267238.5
207403240.7
207656244.6
207817247.1
207995249.9
207999250.0
208000250.0
208001250.0
208033250.5
208272254.3
208467257.3
208675260.6
208914264.3
209163268.2
209331270.8
209506273.5
209709276.7
209916279.9
210160283.8
210340286.6
210535289.6
210762293.2
210988296.7
211234300.5
211457304.0
211587306.1
211886310.7
211994312.4
211998312.5
211999312.5
212000312.5
212001312.5
212010312.7
212302317.2
212547321.1
212705323.5
212941327.2
213104329.8
213386334.2
213646338.2
213833341.1
214062344.7
214269348.0
214462351.0
214684354.4
214872357.4
215090360.8
215242363.2
215441366.3
215564368.2
215673369.9
215913373.6
215995374.9
215998375.0
215999375.0
216000375.0
216001375.0
216013375.2
216128377.0
216313379.9
216431381.7
216678385.6
216906389.2
217098392.2
217314395.5
217532398.9
217732402.1
217953405.5
218077407.5
218252410.2
218502414.1
218738417.8
218897420.3
219052422.7
219244425.7
219398428.1
219585431.0
219741433.5
219981437.2
219998437.5
219999437.5
220000437.5
220001437.5
220019437.8
220200440.6
220369443.3
220553446.1
220702448.5
220888451.4
221133455.2
221295457.7
221456460.3
221718464.4
221897467.1
222052469.6
222256472.8
222458475.9
222662479.1
222885482.6
223035484.9
223305489.1
223482491.9
223698495.3
223833497.4
223994499.9
223998500.0
223999500.0
224000500.0
224002500.0
224031500.5
224240503.8
224380505.9
224531508.3
224741511.6
224931514.6
225124517.6
225334520.9
225594524.9
225772527.7
225934530.2
226147533.6
226318536.2
226508539.2
226681541.9
226887545.1
227118548.7
227331552.1
227563555.7
227804559.4
227995562.4
227998562.5
227999562.5
228000562.5
228003562.6
228176565.3
228434569.3
228688573.3
228850575.8
229101579.7
229327583.2
229588587.3
229817590.9
230028594.2
230184596.6
230395599.9
230562602.5
230791606.1
231048610.1
231222612.9
231473616.8
231664619.8
231835622.4
231992624.9
231998625.0
231999625.0
232000625.0
232004625.1
232153627.4
232311629.9
232445632.0
232604634.4
232868638.6
233165643.2
233412647.1
233552649.3
233719651.9
233883654.4
234062657.2
234257660.3
234437663.1
234641666.3
234745667.9
234914670.5
235164674.4
235360677.5
235628681.7
235838685.0
235994687.4
235998687.5
235999687.5
236000687.5
236004687.6
236114689.3
236299692.2
236467694.8
236696698.4
236887701.4
237102704.7
237375709.0
237536711.5
237780715.3
238014719.0
238192721.8
238384724.8
238610728.3
238832731.8
239038735.0
239199737.5
239303739.1
239441741.3
239668744.8
239951749.2
239997750.0
239998750.0
239999750.0
240000750.0
240015750.2
240232753.6
240340755.3
240563758.8
240768762.0
240958765.0
241140767.8
241331770.8
241446772.6
241721776.9
241911779.9
242175784.0
242402787.5
242603790.7
242868794.8
243151799.2
243264801.0
243478804.4
243675807.4
243875810.6
243997812.5
243998812.5
243999812.5
244000812.5
244012812.7
244201815.7
244397818.7
244572821.4
244857825.9
245045828.8
245371833.9
245616837.8
245784840.4
246046844.5
246198846.9
246401850.0
246664854.1
246856857.1
246994859.3
247188862.3
247392865.5
247549868.0
247804872.0
247996875.0
247998875.0
247999875.0
248000875.0
248025875.4
248246878.9
248443881.9
248692885.8
248927889.5
249156893.1
249405897.0
249638900.6
249895904.6
250095907.7
250313911.2
250519914.4
250742917.9
250978921.5
251146924.2
251391928.0
251581931.0
251773934.0
251981937.2
251998937.5
251999937.5
252000937.5
252264941.6
252538945.9
252691948.3
252965952.6
253182956.0
253432959.9
253673963.7
253887967.0
254084970.1
254255972.7
254515976.8
254750980.5
254962983.8
255207987.6
255443991.3
255715995.6
255940999.1
255999000.0
256000000.0
256001000.0
256198003.1
256351005.5
256543008.5
256713011.1
257018015.9
257301020.3
257606025.1
257827028.5
258075032.4
258260035.3
258468038.6
258741042.8
258953046.1
259221050.3
259409053.3
259672057.4
259818059.7
259999062.5
260000062.5
260001062.5
260098064.0
260267066.7
260559071.2
260827075.4
260976077.8
261146080.4
261286082.6
261498085.9
261673088.6
261884091.9
262178096.5
262368099.5
262641103.8
262923108.2
263094110.8
263294114.0
263464116.6
263653119.6
263827122.3
263998125.0
263999125.0
264000125.0
264001125.0
264079126.2
264294129.6
264480132.5
264667135.4
264837138.1
265048141.4
265264144.8
265540149.1
265797153.1
266015156.5
266186159.2
266439163.1
266635166.2
266839169.4
267040172.5
267220175.3
267453179.0
267685182.6
267970187.0
267998187.5
267999187.5
268000187.5
268001187.5
268026187.9
268190190.5
268395193.7
268608197.0
268789199.8
268963202.5
269177205.9
269410209.5
269617212.8
269880216.9
270019219.0
270272223.0
270519226.9
270670229.2
270923233.2
271085235.7
271328239.5
271601243.8
271777246.5
271993249.9
271999250.0
272000250.0
272001250.0
272032250.5
272253254.0
272530258.3
272789262.3
273080266.9
273307270.4
273485273.2
273724276.9
273973280.8
274196284.3
274409287.6
274578290.3
274840294.4
275161299.4
275419303.4
275547305.4
275812309.6
275995312.4
275999312.5
276000312.5
276001312.5
276025312.9
276289317.0
276522320.7
276675323.1
276917326.8
277147330.4
277443335.1
277588337.3
277814340.8
278009343.9
278299348.4
278530352.0
278718355.0
278959358.7
279129361.4
279321364.4
279540367.8
279784371.6
279991374.9
279998375.0
279999375.0
280000375.0
280001375.0
280016375.3
280245378.8
280487382.6
280705386.0
280889388.9
281026391.0
281235394.3
281482398.2
281670401.1
281847403.9
282085407.6
282311411.1
282534414.6
282779418.4
282949421.1
283160424.4
283412428.3
283573430.8
283823434.7
283994437.4
283999437.5
284000437.5
284001437.5
284036438.1
284315442.4
284525445.7
284683448.2
284893451.5
285111454.9
285308457.9
285532461.4
285717464.3
285904467.3
286108470.4
286298473.4
286511476.7
286753480.5
287006484.5
287200487.5
287331489.6
287607493.9
287778496.5
287928498.9
287996499.9
287998500.0
287999500.0
288000500.0
288001500.0
288017500.3
288289504.5
288507507.9
288699510.9
288873513.6
289081516.9
289316520.6
289521523.8
289730527.0
289978530.9
290153533.6
290361536.9
290572540.2
290862544.7
291106548.5
291324551.9
291571555.8
291788559.2
291982562.2
291998562.5
291999562.5
292000562.5
292003562.6
292099564.1
292316567.4
292519570.6
292730573.9
292925577.0
293131580.2
293314583.0
293572587.1
293863591.6
294061594.7
294378599.7
294584602.9
294804606.3
294974609.0
295185612.3
295503617.2
295786621.7
295996624.9
295998625.0
295999625.0
296000625.0
296009625.1
296183627.9
296375630.9
296608634.5
296796637.4
297058641.5
297338645.9
297595649.9
297836653.7
298075657.4
298294660.9
298634666.2
298932670.8
299231675.5
299420678.4
299656682.1
299890685.8
299996687.4
299998687.5
299999687.5
300000687.5
300006687.6
300209690.8
300432694.3
300657697.8
300837700.6
301079704.4
301314708.0
301617712.8
301844716.3
302051719.6
302207722.0
302512726.8
302741730.3
302960733.8
303195737.4
303510742.4
303808747.0
303996749.9
303998750.0
303999750.0
304000750.0
304012750.2
304201753.2
304490757.7
304688760.8
304932764.6
305118767.5
305402771.9
305652775.8
305863779.1
305998781.2
306255785.2
306446788.2
306629791.1
306966796.4
307199800.0
307431803.6
307675807.4
307912811.1
307997812.5
307998812.5
307999812.5
308000812.5
308032813.0
308249816.4
308473819.9
308728823.9
308942827.2
309130830.2
309364833.8
309579837.2
309789840.5
309981843.5
310305848.5
310654854.0
310802856.3
311069860.5
311266863.5
311497867.2
311637869.3
311990874.9
311998875.0
311999875.0
312000875.0
312035875.6
312289879.5
312568883.9
312883888.8
313125892.6
313364896.3
313566899.5
313807903.2
314015906.5
314203909.4
314357911.8
314655916.5
314840919.4
315037922.5
315163924.4
315432928.6
315696932.8
315948936.7
315998937.5
315999937.5
316000937.5
316171940.2
316357943.1
316558946.2
316837950.6
317045953.8
317309958.0
317494960.9
317737964.7
317961968.2
318183971.6
318371974.6
318537977.2
318799981.2
319017984.7
319229988.0
319534992.7
319740996.0
319999000.0
320000000.0
320001000.0
320281004.4
320531008.3
320778012.2
321112017.4
321417022.1
321719026.9
321994031.2
322246035.1
322493039.0
322720042.5
322927045.7
323169049.5
323389053.0
323608056.4
323876060.6
323999062.5
324000062.5
324001062.5
324122064.4
324289067.0
324517070.6
324720073.7
324990078.0
325140080.3
325352083.6
325626087.9
325871091.7
326027094.2
326273098.0
326428100.4
326639103.7
326903107.9
327160111.9
327340114.7
327622119.1
327878123.1
327998125.0
327999125.0
328000125.0
328001125.0
328103126.6
328432131.8
328643135.0
328890138.9
329154143.0
329349146.1
329523148.8
329807153.2
330056157.1
330324161.3
330506164.2
330714167.4
331029172.3
331241175.6
331467179.2
331672182.4
331995187.4
331999187.5
332000187.5
332001187.5
332041188.1
332260191.6
332455194.6
332736199.0
332963202.5
333264207.3
333491210.8
333716214.3
333901217.2
334199221.9
334394224.9
334611228.3
334853232.1
335142236.6
335349239.8
335622244.1
335781246.6
335995249.9
335999250.0
336000250.0
336001250.0
336027250.4
336262254.1
336528258.3
336761261.9
336932264.6
337093267.1
337408272.0
337724276.9
337965280.7
338142283.5
338389287.3
338739292.8
338935295.9
339123298.8
339297301.5
339532305.2
339819309.7
339983312.2
339999312.5
340000312.5
340001312.5
340054313.3
340233316.1
340460319.7
340708323.6
340892326.4
341161330.6
341384334.1
341689338.9
341948342.9
342126345.7
342410350.2
342575352.7
342791356.1
343010359.5
343282363.8
343515367.4
343675369.9
343878373.1
343996374.9
343999375.0
344000375.0
344001375.0
344023375.4
344273379.3
344512383.0
344737386.5
344924389.4
345180393.4
345428397.3
345632400.5
345903404.7
346108407.9
346419412.8
346691417.1
346948421.1
347185424.8
347485429.5
347709433.0
347949436.7
347997437.5
347999437.5
348000437.5
348001437.5
348035438.1
348357443.1
348593446.8
348767449.5
349038453.7
349326458.2
349519461.2
349735464.6
349997468.7
350248472.6
350474476.2
350699479.7
350917483.1
351130486.4
351361490.0
351587493.6
351811497.1
351994499.9
351999500.0
352000500.0
352001500.0
352042500.7
352266504.2
352561508.8
352899514.1
353104517.3
353306520.4
353516523.7
353679526.2
353884529.4
354025531.6
354299535.9
354508539.2
354719542.5
354907545.4
355207550.1
355522555.0
355736558.4
355971562.1
355997562.5
355998562.5
355999562.5
356000562.5
356004562.6
356173565.2
356421569.1
356650572.7
356879576.2
357159580.6
357403584.4
357710589.2
357922592.5
358200596.9
358440600.6
358704604.8
358922608.2
359110611.1
359369615.1
359673619.9
359916623.7
359997625.0
359998625.0
359999625.0
360000625.0
360010625.2
360304629.8
360489632.6
360756636.8
360973640.2
361325645.7
361593649.9
361914654.9
362145658.5
362373662.1
362541664.7
362727667.6
363043672.6
363202675.0
363535680.2
363881685.6
363996687.4
363998687.5
363999687.5
364000687.5
364012687.7
364203690.7
364438694.4
364762699.4
365055704.0
365276707.4
365519711.2
365749714.8
366035719.3
366252722.7
366558727.5
366772730.8
366998734.4
367255738.4
367522742.5
367699745.3
367920748.8
367997750.0
367998750.0
367999750.0
368000750.0
368012750.2
368284754.4
368528758.3
368752761.8
368995765.6
369225769.2
369445772.6
369756777.4
369979780.9
370266785.4
370516789.3
370733792.7
371072798.0
371322801.9
371631806.7
371812809.6
371997812.5
371998812.5
371999812.5
372000812.5
372054813.4
372386818.5
372723823.8
372968827.6
373337833.4
373644838.2
373963843.2
374286848.2
374489851.4
374832856.8
375064860.4
375393865.5
375580868.4
375846872.6
375997875.0
375998875.0
375999875.0
376000875.0
376062876.0
376333880.2
376530883.3
376746886.7
376996890.6
377228894.2
377532898.9
377798903.1
378151908.6
378360911.9
378602915.7
378840919.4
379116923.7
379378927.8
379664932.3
379855935.2
379998937.5
379999937.5
380000937.5
380188940.5
380460944.7
380620947.2
380972952.7
381252957.1
381520961.3
381779965.3
381971968.3
382234972.4
382570977.7
382855982.1
383110986.1
383308989.2
383618994.0
383859997.8
383999000.0
384000000.0
384001000.0
384236003.7
384477007.5
384788012.3
385036016.2
385251019.5
385513023.6
385854029.0
386099032.8
386375037.1
386737042.8
386981046.6
387199050.0
387432053.6
387747058.5
387965062.0
387999062.5
388000062.5
388001062.5
388203065.7
388434069.3
388769074.5
388916076.8
389271082.4
389509086.1
389691088.9
389921092.5
390146096.0
390470101.1
390794106.2
391048110.1
391451116.4
391783121.6
391971124.5
391999125.0
392000125.0
392001125.0
392094126.5
392434131.8
392714136.2
392875138.7
393184143.5
393410147.0
393687151.4
393968155.8
394297160.9
394620165.9
394830169.2
395106173.5
395389178.0
395695182.7
395933186.5
395998187.5
395999187.5
396000187.5
396001187.5
396101189.1
396340192.8
396639197.5
396957202.5
397158205.6
397383209.1
397612212.7
397844216.3
398195221.8
398460225.9
398707229.8
398988234.2
399170237.0
399440241.3
399651244.5
399972249.6
399998250.0
399999250.0
400000250.0
400001250.0
400043250.7
400294254.6
400526258.2
400861263.5
401137267.8
401466272.9
401664276.0
401894279.6
402178284.0
402405287.6
402583290.4
402847294.5
403154299.3
403420303.4
403695307.7
403991312.4
403999312.5
404000312.5
404001312.5
404057313.4
404324317.6
404551321.1
404734324.0
404928327.0
405170330.8
405418334.7
405633338.0
405989343.6
406252347.7
406563352.6
406768355.8
407094360.8
407385365.4
407687370.1
407994374.9
407999375.0
408000375.0
408001375.0
408043375.7
408322380.0
408601384.4
408949389.8
409291395.2
409478398.1
409737402.1
409982406.0
410227409.8
410484413.8
410792418.6
411051422.7
411367427.6
411554430.5
411896435.9
411997437.5
411999437.5
412000437.5
412001437.5
412043438.2
412289442.0
412601446.9
412905451.6
413255457.1
413528461.4
413815465.9
414024469.1
414268472.9
414539477.2
414797481.2
415100485.9
415355489.9
415584493.5
415823497.2
415997500.0
415998500.0
415999500.0
416000500.0
416010500.2
416406506.3
416740511.6
416971515.2
417255519.6
417491523.3
417760527.5
418054532.1
418310536.1
418664541.6
418908545.4
419224550.4
419531555.2
419788559.2
419995562.4
419998562.5
419999562.5
420000562.5
420007562.6
420256566.5
420516570.6
420866576.0
421120580.0
421366583.9
421702589.1
421956593.1
422178596.5
422413600.2
422759605.6
422977609.0
423189612.3
423344614.8
423575618.4
423739620.9
423907623.6
423997625.0
423998625.0
423999625.0
424000625.0
424009625.1
424138627.2
424436631.8
424665635.4
424964640.1
425319645.6
425642650.7
425878654.4
426192659.3
426501664.1
426770668.3
427125673.8
427421678.5
427618681.5
427921686.3
427998687.5
427999687.5
428000687.5
428029688.0
428314692.4
428577696.5
428923701.9
429240706.9
429479710.6
429786715.4
429982718.5
430235722.4
430564727.6
430846732.0
431178737.2
431553743.0
431877748.1
431997750.0
431998750.0
431999750.0
432000750.0
432020750.3
432254754.0
432547758.6
432835763.1
433127767.6
433462772.9
433833778.7
434094782.7
434395787.4
434674791.8
434950796.1
435278801.2
435451803.9
435750808.6
435997812.5
435998812.5
435999812.5
436000812.5
436050813.3
436376818.4
436719823.7
437048828.9
437332833.3
437727839.5
438057844.7
438374849.6
438635853.7
438976859.0
439179862.2
439412865.8
439684870.1
439966874.5
439998875.0
439999875.0
440000875.0
440134877.1
440533883.3
440811887.7
441176893.4
441461897.8
441767902.6
442049907.0
442351911.7
442599915.6
442911920.5
443231925.5
443529930.2
443802934.4
443998937.5
443999937.5
444000937.5
444169940.2
444589946.7
444864951.0
445139955.3
445428959.8
445705964.2
445988968.6
446282973.2
446558977.5
446898982.8
447171987.1
447394990.5
447798996.9
447999000.0
448000000.0
448001000.0
448295004.6
448573009.0
448977015.3
449218019.0
449514023.7
449816028.4
450164033.8
450478038.7
450820044.1
451159049.4
451436053.7
451757058.7
451999062.5
452000062.5
452001062.5
452261066.6
452532070.8
452789074.8
453059079.0
453435084.9
453691088.9
453930092.7
454250097.7
454537102.1
454852107.1
455154111.8
455385115.4
455617119.0
455998125.0
455999125.0
456000125.0
456001125.0
456133127.1
456436131.8
456747136.7
456951139.9
457140142.8
457522148.8
457714151.8
458011156.4
458212159.6
458437163.1
458710167.3
459033172.4
459379177.8
459599181.2
459975187.1
459999187.5
460000187.5
460001187.5
460100189.1
460339192.8
460675198.0
460930202.0
461247207.0
461505211.0
461792215.5
462077220.0
462374224.6
462823231.6
463257238.4
463463241.6
463745246.0
463997250.0
463999250.0
464000250.0
464001250.0
464069251.1
464346255.4
464659260.3
464997265.6
465350271.1
465728277.0
466032281.8
466260285.3
466612290.8
466889295.1
467367302.6
467712308.0
467927311.4
467998312.5
467999312.5
468000312.5
468001312.5
468056313.4
468323317.5
468578321.5
468908326.7
469113329.9
469390334.2
469780340.3
470049344.5
470341349.1
470677354.3
471083360.7
471411365.8
471694370.2
471998375.0
471999375.0
472000375.0
472001375.0
472108376.7
472442381.9
472689385.8
473040391.3
473349396.1
473582399.7
473861404.1
474059407.2
474319411.2
474633416.1
474978421.5
475175424.6
475510429.8
475871435.5
475996437.4
475999437.5
476000437.5
476001437.5
476055438.4
476486445.1
476781449.7
477185456.0
477518461.2
477804465.7
478114470.5
478526477.0
478874482.4
479210487.7
479535492.7
479955499.3
479998500.0
479999500.0
480000500.0
480001500.0
480057500.9
480482507.5
480794512.4
480999515.6
481343521.0
481572524.6
481930530.2
482255535.2
482433538.0
482674541.8
482925545.7
483223550.4
483599556.2
483918561.2
483998562.5
483999562.5
484000562.5
484014562.7
484405568.8
484741574.1
485093579.6
485449585.1
485815590.9
486102595.4
486444600.7
486806606.4
487127611.4
487434616.2
487645619.5
487956624.3
487998625.0
487999625.0
488000625.0
488011625.2
488418631.5
488709636.1
489087642.0
489329645.8
489653650.8
490050657.0
490303661.0
490617665.9
491031672.4
491434678.7
491793684.3
491997687.5
491998687.5
491999687.5
492000687.5
492028687.9
492317692.5
492661697.8
492912701.8
493239706.9
493654713.4
493994718.7
494279723.1
494614728.4
494853732.1
495151736.7
495454741.5
495762746.3
495996749.9
495998750.0
495999750.0
496000750.0
496044750.7
496388756.1
496693760.8
497042766.3
497425772.3
497744777.3
498063782.2
498543789.7
498786793.5
499148799.2
499482804.4
499751808.6
499997812.5
499998812.5
499999812.5
500000812.5
500047813.2
500427819.2
500714823.7
500949827.3
501314833.0
501595837.4
501913842.4
502278848.1
502572852.7
502956858.7
503362865.0
503672869.9
503997875.0
503998875.0
503999875.0
504000875.0
504116876.8
504433881.8
504767887.0
505129892.7
505491898.3
505804903.2
506088907.6
506469913.6
506813919.0
507200925.0
507527930.1
507762933.8
507998937.5
507999937.5
508000937.5
508240941.3
508612947.1
508902951.6
509314958.0
509740964.7
510155971.2
510432975.5
510820981.6
511100986.0
511359990.0
511728995.8
511999000.0
512000000.0
512001000.0
512401006.3
512727011.4
513045016.3
513319020.6
513764027.6
514025031.6
514424037.9
514734042.7
515028047.3
515355052.4
515642056.9
515999062.5
516000062.5
516001062.5
516362068.2
516690073.3
517043078.8
517429084.8
517865091.6
518303098.5
518531102.0
518825106.6
519169112.0
519542117.8
519901123.5
519999125.0
520000125.0
520001125.0
520192128.0
520647135.1
520987140.4
521334145.8
521724151.9
522111158.0
522499164.0
522887170.1
523211175.2
523625181.6
523905186.0
523998187.5
523999187.5
524000187.5
524001187.5
524122189.4
524505195.4
524842200.7
525229206.7
525545211.6
525915217.4
526347224.2
526624228.5
526963233.8
527317239.3
527593243.6
527887248.2
527998250.0
527999250.0
528000250.0
528001250.0
528149252.3
528563258.8
528998265.6
529346271.0
529640275.6
530041281.9
530305286.0
530654291.5
530969296.4
531232300.5
531665307.3
531960311.9
531998312.5
531999312.5
532000312.5
532001312.5
532069313.6
532417319.0
532692323.3
532989328.0
533362333.8
533811340.8
534089345.1
534363349.4
534756355.6
535142361.6
535411365.8
535651369.6
535965374.5
535998375.0
535999375.0
536000375.0
536001375.0
536088376.4
536533383.3
536934389.6
537204393.8
537597400.0
538088407.6
538423412.9
538748417.9
539002421.9
539373427.7
539805434.5
539996437.4
539999437.5
540000437.5
540001437.5
540093439.0
540433444.3
540840450.6
541238456.8
541593462.4
542135470.9
542493476.5
542785481.0
543168487.0
543414490.8
543718495.6
543997500.0
543998500.0
543999500.0
544000500.0
544009500.1
544179502.8
544411506.4
544727511.4
545066516.7
545375521.5
545659525.9
545945530.4
546233534.9
546570540.2
546941546.0
547200550.0
547560555.6
547987562.3
547998562.5
547999562.5
548000562.5
548023562.9
548274566.8
548500570.3
548889576.4
549155580.6
549371583.9
549813590.8
550151596.1
550507601.7
550906607.9
551171612.1
551485617.0
551996624.9
551998625.0
551999625.0
552000625.0
552019625.3
552418631.5
552750636.7
553037641.2
553375646.5
553658650.9
553969655.8
554231659.9
554547664.8
554877670.0
555340677.2
555722683.2
555997687.5
555998687.5
555999687.5
556000687.5
556028687.9
556386693.5
556659697.8
556951702.4
557251707.1
557499710.9
557852716.4
558168721.4
558541727.2
558779730.9
559048735.1
559427741.1
559793746.8
559998750.0
559999750.0
560000750.0
560074751.2
560427756.7
560757761.8
561202768.8
561558774.4
561899779.7
562260785.3
562752793.0
563129798.9
563551805.5
563831809.9
563997812.5
563998812.5
563999812.5
564000812.5
564081813.8
564465819.8
564803825.1
565201831.3
565556836.8
565891842.1
566120845.6
566493851.5
566841856.9
567177862.2
567561868.2
567943874.1
567998875.0
567999875.0
568000875.0
568174877.7
568521883.2
568882888.8
569333895.8
569669901.1
570050907.0
570424912.9
570898920.3
571251925.8
571619931.6
571901936.0
571998937.5
571999937.5
572000937.5
572486945.1
572843950.7
573235956.8
573748964.8
574134970.9
574690979.5
575121986.3
575384990.4
575745996.0
575999000.0
576000000.0
576001000.0
576436006.8
576771012.0
577285020.1
577738027.2
578081032.5
578402037.5
578672041.7
579024047.2
579336052.1
579685057.6
579961061.9
579999062.5
580000062.5
580001062.5
580468069.8
580823075.4
581247082.0
581550086.7
582060094.7
582468101.1
582827106.7
583176112.1
583563118.2
583998125.0
583999125.0
584000125.0
584001125.0
584154127.4
584599134.4
585010140.8
585385146.6
585856154.0
586277160.6
586619165.9
586944171.0
587300176.6
587663182.2
587998187.5
587999187.5
588000187.5
588001187.5
588183190.4
588559196.2
589026203.5
589432209.9
589824216.0
590375224.6
590786231.0
591246238.2
591542242.8
591788246.7
591998250.0
591999250.0
592000250.0
592001250.0
592215253.4
592581259.1
592982265.3
593393271.8
593915279.9
594404287.6
594811293.9
595316301.8
595587306.0
595846310.1
595998312.5
595999312.5
596000312.5
596001312.5
596113314.3
596526320.7
597037328.7
597401334.4
597670338.6
597967343.2
598240347.5
598612353.3
599136361.5
599558368.1
599900373.4
599998375.0
599999375.0
600000375.0
600001375.0
600115376.8
600395381.2
600689385.8
601238394.3
601678401.2
602154408.7
602534414.6
602884420.1
603376427.8
603909436.1
603998437.5
603999437.5
604000437.5
604001437.5
604267441.7
604598446.8
604827450.4
605187456.1
605644463.2
606057469.6
606421475.3
606827481.7
607106486.0
607528492.6
607970499.5
607998500.0
607999500.0
608000500.0
608013500.2
608467507.3
608760511.9
609137517.8
609494523.3
609990531.1
610303536.0
610806543.8
611136549.0
611366552.6
611791559.2
611997562.5
611998562.5
611999562.5
612000562.5
612022562.8
612496570.3
612831575.5
613248582.0
613623587.9
613944592.9
614341599.1
614831606.7
615226612.9
615665619.8
615957624.3
615998625.0
615999625.0
616000625.0
616049625.8
616302629.7
616550633.6
616986640.4
617227644.2
617764652.6
618219659.7
618785668.5
619144674.1
619543680.4
619868685.4
619997687.5
619998687.5
619999687.5
620000687.5
620032688.0
620384693.5
620678698.1
621044703.8
621611712.7
622053719.6
622402725.0
622987734.2
623438741.2
623800746.9
623998750.0
623999750.0
624000750.0
624109751.7
624511758.0
624992765.5
625551774.2
625956780.6
626210784.5
626647791.4
627099798.4
627420803.4
627745808.5
627997812.5
627998812.5
627999812.5
628000812.5
628154814.9
628606822.0
629091829.6
629462835.4
629927842.6
630188846.7
630578852.8
631057860.3
631530867.7
631793871.8
631998875.0
631999875.0
632000875.0
632254879.0
632655885.2
632893889.0
633325895.7
633637900.6
634035906.8
634535914.6
634961921.3
635349927.3
635736933.4
635998937.5
635999937.5
636000937.5
636444944.4
636904951.6
637298957.8
637613962.7
638108970.4
638683979.4
639127986.4
639505992.3
639935999.0
639999000.0
640000000.0
640001000.0
640189002.9
640687010.7
641191018.6
641648025.7
642028031.7
642556039.9
642911045.5
643411053.3
643902061.0
643999062.5
644000062.5
644001062.5
644436069.3
644865076.0
645313083.0
645902092.2
646486101.3
647033109.9
647315114.3
647632119.2
647967124.5
647999125.0
648000125.0
648001125.0
648393131.1
648859138.4
649271144.9
649666151.0
650147158.5
650738167.8
651208175.1
651726183.2
651998187.5
651999187.5
652000187.5
652001187.5
652162190.0
652557196.2
653001203.1
653467210.4
653841216.3
654237222.5
654604228.2
654953233.6
655318239.3
655631244.2
655998250.0
655999250.0
656000250.0
656001250.0
656243253.8
656832263.0
657455272.7
657843278.8
658229284.8
658576290.3
659046297.6
659413303.3
659744308.5
659998312.5
659999312.5
660000312.5
660001312.5
660212315.8
660713323.6
661114329.9
661391334.2
661860341.6
662252347.7
662735355.2
663246363.2
663660369.7
663995374.9
663999375.0
664000375.0
664001375.0
664103376.6
664428381.7
664870388.6
665198393.7
665712401.8
666152408.6
666496414.0
666935420.9
667348427.3
667743433.5
667998437.5
667999437.5
668000437.5
668001437.5
668165440.1
668573446.5
669124455.1
669514461.2
670038469.3
670491476.4
670951483.6
671523492.6
671876498.1
671998500.0
671999500.0
672000500.0
672001500.0
672102501.6
672407506.4
672799512.5
673254519.6
673781527.8
674355536.8
674770543.3
675165549.5
675561555.6
675996562.4
675998562.5
675999562.5
676000562.5
676023562.9
676425569.1
676741574.1
677209581.4
677560586.9
678031594.2
678447600.7
678909608.0
679459616.6
679950624.2
679998625.0
679999625.0
680000625.0
680065626.0
680597634.3
680912639.3
681491648.3
681978655.9
682439663.1
682888670.1
683389678.0
683914686.2
683998687.5
683999687.5
684000687.5
684059688.4
684515695.6
684872701.1
685592712.4
685964718.2
686480726.3
687109736.1
687453741.5
687952749.3
687998750.0
687999750.0
688000750.0
688079751.2
688676760.6
689106767.3
689558774.4
690047782.0
690589790.5
691062797.9
691641806.9
691961811.9
691998812.5
691999812.5
692000812.5
692310817.4
692776824.6
693262832.2
693685838.8
694203846.9
694879857.5
695282863.8
695668869.8
695998875.0
695999875.0
696000875.0
696210878.3
696507882.9
697068891.7
697573899.6
698185909.2
698587915.4
698957921.2
699581931.0
699977937.2
699998937.5
699999937.5
700000937.5
700416944.0
700976952.8
701500960.9
701982968.5
702455975.9
702920983.1
703473991.8
703862997.9
703999000.0
704000000.0
704001000.0
704552008.6
704982015.3
705534024.0
705921030.0
706397037.5
707077048.1
707530055.2
707999062.5
708000062.5
708001062.5
708312067.4
708873076.1
709432084.9
709953093.0
710328098.9
710797106.2
711209112.6
711732120.8
711999125.0
712000125.0
712001125.0
712443131.9
712880138.7
713325145.7
713777152.8
714197159.3
714537164.6
715081173.1
715596181.2
715998187.5
715999187.5
716000187.5
716001187.5
716225191.0
716617197.1
717190206.1
717528211.4
718057219.6
718484226.3
718844231.9
719375240.2
719656244.6
719997250.0
719999250.0
720000250.0
720001250.0
720219253.4
720545258.5
720900264.1
721460272.8
721862279.1
722396287.4
722780293.4
723158299.3
723736308.4
723998312.5
723999312.5
724000312.5
724001312.5
724436319.3
724972327.7
725485335.7
725807340.7
726323348.8
726773355.8
727459366.5
727912373.6
727998375.0
727999375.0
728000375.0
728001375.0
728197378.1
728687385.7
729355396.2
729990406.1
730470413.6
731053422.7
731530430.2
731997437.5
731999437.5
732000437.5
732001437.5
732173440.2
732568446.4
733167455.7
733720464.4
734178471.5
734798481.2
735203487.6
735928498.9
735998500.0
735999500.0
736000500.0
736001500.0
736247503.9
736741511.6
737104517.3
737604525.1
738244535.1
738861544.7
739246550.7
739814559.6
739998562.5
739999562.5
740000562.5
740028562.9
740609572.0
741159580.6
741522586.3
742039594.4
742490601.4
742934608.3
743375615.2
743950624.2
743998625.0
743999625.0
744000625.0
744065626.0
744634634.9
745011640.8
745344646.0
745799653.1
746119658.1
746616665.9
747149674.2
747812684.6
747998687.5
747999687.5
748000687.5
748131689.6
748513695.5
749020703.4
749488710.8
750066719.8
750789731.1
751359740.0
751759746.2
751998750.0
751999750.0
752000750.0
752103751.6
752661760.3
753247769.5
753945780.4
754375787.1
754778793.4
755456804.0
755837810.0
755998812.5
755999812.5
756000812.5
756306817.3
756773824.6
757433834.9
758007843.9
758591853.0
759178862.2
759641869.4
759998875.0
759999875.0
760000875.0
760450882.0
760833888.0
761275894.9
761821903.5
762596915.6
763177924.7
763529930.2
763998937.5
763999937.5
764000937.5
764304942.3
764795949.9
765221956.6
765834966.2
766478976.2
767160986.9
767715995.6
767999000.0
768000000.0
768001000.0
768505007.9
769083016.9
769606025.1
770190034.2
770667041.7
771259050.9
771530055.2
771979062.2
771999062.5
772000062.5
772001062.5
772554071.2
773132080.2
773622087.8
774248097.6
774599103.1
775099110.9
775530117.7
775999125.0
776000125.0
776001125.0
776430131.7
776899139.0
777398146.8
778014156.5
778546164.8
779189174.8
779606181.3
779999187.5
780000187.5
780001187.5
780497195.3
781014203.3
781784215.4
782195221.8
782731230.2
783358240.0
783905248.5
783999250.0
784000250.0
784001250.0
784379255.9
785041266.3
785705276.6
786117283.1
786703292.2
787173299.6
787530305.2
787912311.1
787999312.5
788000312.5
788001312.5
788336317.8
789035328.7
789577337.1
790119345.6
790803356.3
791370365.2
791946374.2
791999375.0
792000375.0
792001375.0
792239378.7
792944389.8
793495398.4
794075407.4
794430413.0
794975421.5
795530430.2
795997437.5
795999437.5
796000437.5
796001437.5
796204440.7
796755449.3
797404459.4
798117470.6
798735480.2
799433491.1
799997500.0
799998500.0
799999500.0
800000500.0
800065501.0
800748511.7
801336520.9
801921530.0
802428537.9
803135549.0
803530555.2
803904561.0
803998562.5
803999562.5
804000562.5
804063563.5
804822575.3
805289582.6
805758590.0
806150596.1
806775605.9
807403615.7
807997625.0
807998625.0
807999625.0
808000625.0
808061626.0
808501632.8
809210643.9
809812653.3
810541664.7
811197675.0
811870685.5
811998687.5
811999687.5
812000687.5
812233691.1
812880701.3
813394709.3
814100720.3
814564727.6
815164736.9
815853747.7
815998750.0
815999750.0
816000750.0
816195753.1
816854763.4
817530773.9
818286785.7
818990796.7
819529805.1
819998812.5
819999812.5
820000812.5
820231816.1
820761824.4
821364833.8
821928842.6
822442850.7
822934858.4
823665869.8
823998875.0
823999875.0
824000875.0
824510883.0
825103892.2
825906904.8
826502914.1
827306926.7
827529930.2
827998937.5
827999937.5
828000937.5
828477945.0
828968952.6
829651963.3
830119970.6
830739980.3
831368990.1
831999000.0
832000000.0
832001000.0
832548008.6
833153018.0
833620025.3
834094032.7
834510039.2
835049047.6
835530055.2
835985062.3
835999062.5
836000062.5
836001062.5
836689073.3
837325083.2
837754089.9
838452100.8
839197112.5
839530117.7
839999125.0
840000125.0
840001125.0
840286129.5
840950139.8
841568149.5
842237160.0
842705167.3
843323176.9
843530180.2
843999187.5
844000187.5
844001187.5
844409193.9
845034203.7
845563211.9
846235222.4
846841231.9
847530242.7
847998250.0
847999250.0
848000250.0
848001250.0
848416256.5
849028266.1
849613275.2
850256285.3
850856294.6
851325302.0
851530305.2
851531305.2
851532305.2
851998312.5
851999312.5
852000312.5
852001312.5
852432319.3
853153330.5
853740339.7
854342349.1
854961358.8
855530367.7
855998375.0
855999375.0
856000375.0
856001375.0
856345380.4
856851388.3
857307395.4
858023406.6
858758418.1
859530430.2
859997437.5
859999437.5
860000437.5
860001437.5
860317442.5
860969452.6
861614462.7
862210472.0
862819481.5
863407490.7
863530492.7
863531492.7
863532492.7
863997500.0
863998500.0
863999500.0
864000500.0
864058500.9
864842513.2
865475523.1
866091532.7
866746542.9
867352552.4
867998562.5
867999562.5
868000562.5
868111564.2
868739574.1
869391584.2
870189596.7
870493601.5
871127611.4
871530617.7
871992624.9
871998625.0
871999625.0
872000625.0
872082626.3
872699635.9
873474648.0
874062657.2
874794668.7
875529680.1
875998687.5
875999687.5
876000687.5
876155689.9
876709698.6
877434709.9
877945717.9
878593728.0
879189737.3
879841747.5
879998750.0
879999750.0
880000750.0
880415756.5
881057766.5
881665776.0
882249785.1
882948796.1
883370802.7
883991812.4
883998812.5
883999812.5
884000812.5
884225816.0
884744824.1
885514836.2
886073844.9
886763855.7
887244863.2
887529867.6
887956874.3
887998875.0
887999875.0
888000875.0
888689885.8
889198893.7
889891904.6
890543914.7
891197925.0
891529930.2
891998937.5
891999937.5
892000937.5
892842950.7
893377959.0
894221972.2
894966983.9
895529992.7
895530992.7
895531992.7
895999000.0
896000000.0
896001000.0
896496007.7
897007015.7
897605025.1
898277035.6
899007047.0
899530055.2
899999062.5
900000062.5
900001062.5
900674073.0
901344083.5
901891092.0
902543102.2
903277113.7
903530117.7
903531117.7
903532117.7
903999125.0
904000125.0
904001125.0
904482132.5
904954139.9
905589149.8
906436163.1
907028172.3
907530180.2
907531180.2
907532180.2
907999187.5
908000187.5
908001187.5
908484195.1
908933202.1
909460210.3
910242222.5
910971233.9
911462241.6
911998250.0
911999250.0
912000250.0
912001250.0
912790262.3
913310270.5
913904279.7
914774293.3
915495304.6
915530305.2
915531305.2
915532305.2
915962311.9
915999312.5
916000312.5
916001312.5
916373318.3
917019328.4
917762340.0
918206347.0
918931358.3
919530367.7
919531367.7
919532367.7
919936374.0
919999375.0
920000375.0
920001375.0
920350380.5
920916389.3
921385396.6
922093407.7
922540414.7
923142424.1
923530430.2
923998437.5
923999437.5
924000437.5
924001437.5
924387443.5
925122455.0
925996468.7
926536477.1
927249488.3
927530492.7
927531492.7
927532492.7
927997500.0
927998500.0
927999500.0
928000500.0
928064501.0
928856513.4
929676526.2
930344536.6
931207550.1
931530555.2
931863560.4
931998562.5
931999562.5
932000562.5
932150564.8
932908576.7
933628587.9
934188596.7
934822606.6
935529617.6
935998625.0
935999625.0
936000625.0
936201628.1
936894639.0
937469648.0
938452663.3
939180674.7
939529680.1
939530680.2
939531680.2
939532680.2
939926686.3
939998687.5
939999687.5
940000687.5
940161690.0
940862701.0
941789715.5
942408725.1
942849732.0
943529742.6
943998750.0
943999750.0
944000750.0
944457757.1
945229769.2
946014781.5
946715792.4
947428803.6
947529805.1
947530805.2
947531805.2
947753808.6
947998812.5
947999812.5
948000812.5
948559821.2
949419834.7
950063844.7
950942858.5
951529867.6
951530867.7
951531867.7
951743871.0
951998875.0
951999875.0
952000875.0
952479882.5
953079891.9
953871904.2
954521914.4
955199925.0
955529930.2
955998937.5
955999937.5
956000937.5
956884951.3
957561961.9
958298973.4
958982984.1
959529992.7
959530992.7
959531992.7
959958999.4
959999000.0
960000000.0
960001000.0
960753011.8
961552024.2
962089032.6
962881045.0
963530055.2
963531055.2
963532055.2
963999062.5
964000062.5
964001062.5
964634072.4
965136080.2
965824091.0
966783106.0
967474116.8
967530117.7
967531117.7
967532117.7
967999125.0
968000125.0
968001125.0
969046141.3
969788152.9
970599165.6
971386177.9
971530180.2
971531180.2
971532180.2
971999187.5
972000187.5
972001187.5
972414194.0
973004203.2
973768215.1
974554227.4
975252238.3
975530242.7
975531242.7
975532242.7
975999250.0
976000250.0
976001250.0
976579259.0
977460272.8
978223284.7
979255300.9
979530305.2
979531305.2
979532305.2
979998312.5
979999312.5
980000312.5
980001312.5
980712323.6
981878341.8
982924358.2
983530367.7
983531367.7
983532367.7
983998375.0
983999375.0
984000375.0
984001375.0
984468382.3
985571399.5
986367412.0
987393428.0
987530430.2
987531430.2
987532430.2
987998437.5
987999437.5
988000437.5
988001437.5
988796449.9
989984468.5
991218487.8
991530492.7
991531492.7
991532492.7
991998500.0
991999500.0
992000500.0
992127502.0
993726527.0
995529555.1
995530555.2
995531555.2
995532555.2
995998562.5
995999562.5
996000562.5
996140564.7
999529617.6
999530617.7
999531617.7
999532617.7
999765621.3
