10000.15625
12000.0
15000.0
18000.0
21000.0
24000.0
27000.0
30000.0
33000.0
36000.0
39000.0
42000.0
45000.0
48000.0
51000.0
73001.14064
93001.45315
105001.6407
117001.8282
149002.3282
230003.5938
350005.4688
498007.7814
683010.672
1001015.641
1889029.516
3848060.126
3979062.0
3980062.0
3981062.0
3982062.0
3983062.0
3984062.0
3985062.0
3986062.0
3987062.0
3988062.0
3989062.0
3990062.0
3991062.0
3992062.0
3993062.0
3994062.0
3995062.0
3996062.0
3997062.0
3998062.0
3999062.0
4000063.0
4001063.0
4002063.0
4003063.0
4004063.0
4005063.0
4006063.0
4007063.0
4008063.0
4009063.0
4010063.0
4011063.0
4012063.0
4013063.0
4014063.0
4015063.0
4016063.0
4017063.0
4018063.0
4019063.0
4449069.517
5465085.392
6092095.189
6979109.049
7677119.955
7971124.549
7978125.0
7979125.0
7980125.0
7981125.0
7982125.0
7983125.0
7984125.0
7985125.0
7986125.0
7987125.0
7988125.0
7989125.0
7990125.0
7991125.0
7992125.0
7993125.0
7994125.0
7995125.0
7996125.0
7997125.0
7998125.0
7999125.0
8000125.0
8001125.0
8002125.0
8003125.0
8004125.0
8005125.0
8006125.0
8007125.0
8008125.0
8009125.0
8010125.0
8011125.0
8012125.0
8013125.0
8014125.0
8015125.0
8016125.0
8155127.424
8814137.721
9292145.19
9748152.315
10149158.58
10500164.07
10963171.3
11259175.92
11538180.28
11979187.17
11996187.0
11997187.0
11998187.0
11999187.0
12000188.0
12001188.0
12002188.0
12003188.0
12004188.0
12047188.24
12413193.96
12916201.82
13276207.44
13552211.75
13877216.83
14285223.21
14598228.1
14964233.82
15393240.52
15849247.64
15975249.61
15983250.0
15984250.0
15985250.0
15986250.0
15987250.0
15988250.0
15989250.0
15990250.0
15991250.0
15992250.0
15993250.0
15994250.0
15995250.0
15996250.0
15997250.0
15998250.0
15999250.0
16000250.0
16001250.0
16002250.0
16003250.0
16004250.0
16005250.0
16006250.0
16007250.0
16008250.0
16009250.0
16010250.0
16011250.0
16012250.0
16013250.0
16014250.0
16015250.0
16016250.0
16017250.0
16079251.24
16381255.96
16955264.93
17355271.18
18112283.0
19066297.91
19984312.25
19991312.0
19992312.0
19993312.0
19994312.0
19995312.0
19996312.0
19997312.0
19998312.0
19999312.0
20000313.0
20001313.0
20002313.0
20003313.0
20004313.0
20005313.0
20006313.0
20007313.0
20008313.0
20009313.0
20010313.0
20011313.0
20012313.0
20447319.49
21986343.54
23957374.33
23988375.0
23989375.0
23990375.0
23991375.0
23992375.0
23993375.0
23994375.0
23995375.0
23996375.0
23997375.0
23998375.0
23999375.0
24000375.0
24001375.0
24002375.0
24003375.0
24004375.0
24005375.0
24006375.0
24007375.0
24008375.0
24009375.0
24010375.0
24011375.0
24012375.0
24013375.0
24014375.0
24015375.0
24016375.0
24017375.0
24018375.0
24019375.0
24020375.0
24021375.0
24680385.63
26698417.16
27945436.65
27986437.0
27987437.0
27988437.0
27989437.0
27990437.0
27991437.0
27992437.0
27993437.0
27994437.0
27995437.0
27996437.0
27997437.0
27998437.0
27999437.0
28000438.0
28001438.0
28002438.0
28003438.0
28004438.0
28005438.0
28006438.0
28007438.0
28008438.0
28009438.0
28159439.99
31045485.09
31997499.96
31999499.99
32000500.01
32001500.02
32422506.6
34752543.01
35983562.24
35989562.0
35990562.0
35991562.0
35992562.0
35993562.0
35994562.0
35995562.0
35996562.0
35997562.0
35998562.0
35999562.0
36000563.0
36001563.0
36002563.0
36003563.0
36004563.0
36005563.0
36006563.0
36007563.0
36008563.0
36009563.0
36010563.0
36011563.0
36012563.0
36013563.0
36643572.56
38741605.34
39976624.63
39990625.0
39991625.0
39992625.0
39993625.0
39994625.0
39995625.0
39996625.0
39997625.0
39998625.0
39999625.0
40000625.0
40001625.0
40002625.0
40003625.0
40004625.0
40005625.0
40006625.0
40007625.0
40008625.0
40009625.0
40010625.0
40011625.0
40012625.0
40626634.79
42243660.06
43707682.93
43996687.45
43998687.48
43999687.5
44000687.51
44019687.81
45052703.95
46434725.54
47739745.93
47992749.89
47993750.0
47994750.0
47995750.0
47996750.0
47997750.0
47998750.0
47999750.0
48000750.0
48001750.0
48002750.0
48003750.0
48004750.0
48005750.0
48006750.0
48007750.0
48008750.0
48009750.0
48010750.0
48011750.0
48495757.75
49963780.68
51478804.36
51995812.43
51996812.0
51997812.0
51998812.0
51999813.0
52000813.0
52001813.0
52002813.0
52003813.0
52004813.0
52467819.81
53686838.86
55272863.64
55993875.0
55994875.0
55995875.0
55996875.0
55997875.0
55998875.0
55999875.0
56000875.0
56001875.0
56002875.0
56003875.0
56004875.0
56005875.0
56006875.0
56007875.0
56008875.0
56009875.0
56010875.0
56766886.98
57708901.7
58432913.01
59264926.01
59994937.0
59995937.0
59996937.0
59997937.0
59998937.0
59999938.0
60000938.0
60001938.0
60002938.0
60003938.0
60004938.0
60005938.0
60006938.0
60007938.0
60008938.0
60009938.0
60974952.73
61992968.64
63248988.27
63998999.98
64000000.0
64001000.02
65096017.13
65879029.36
66777043.39
67774058.97
67993062.0
67994062.0
67995062.0
67996062.0
67997062.0
67998062.0
67999062.0
68000063.0
68001063.0
68002063.0
68003063.0
68004063.0
68005063.0
68006063.0
69068079.19
69840091.25
70411100.17
71323114.42
71958124.35
71985125.0
71986125.0
71987125.0
71988125.0
71989125.0
71990125.0
71991125.0
71992125.0
71993125.0
71994125.0
71995125.0
71996125.0
71997125.0
71998125.0
71999125.0
72000125.0
72001125.0
72002125.0
72003125.0
72004125.0
72005125.0
72006125.0
72007125.0
72008125.0
72009125.0
72632134.88
73261144.71
73984156.0
74832169.25
75983187.24
75999187.49
76000187.5
76001187.52
76195190.55
76930202.03
78016219.0
78620228.44
79684245.07
79990250.0
79991250.0
79992250.0
79993250.0
79994250.0
79995250.0
79996250.0
79997250.0
79998250.0
79999250.0
80000250.0
80001250.0
80002250.0
80003250.0
80004250.0
80005250.0
80006250.0
80007250.0
80008250.0
80009250.0
80010250.0
80011250.0
80012250.0
80455257.11
81569274.52
82313286.15
83292301.44
83989312.33
83998312.47
83999312.49
84000312.5
84001312.52
84017312.77
84812325.19
85416334.63
86293348.33
87321364.4
87992374.88
87999374.99
88000375.01
88001375.02
88049375.77
89111392.37
89989406.08
90828419.19
91698432.79
91991437.37
91998437.48
91999437.49
92000437.51
92001437.52
92013437.71
92479444.99
92959452.49
93713464.27
94503476.62
95118486.23
95896498.38
95996499.95
95998499.98
95999499.99
96000500.01
96005500.09
96397506.21
97213518.96
97901529.71
98805543.84
99829559.84
99995562.43
99998562.48
99999562.49
100000562.5
100004562.6
100165565.1
101018578.4
101597587.5
102421600.3
103083610.7
103730620.8
103992624.9
103998625.0
103999625.0
104000625.0
104003625.1
104061626.0
104990640.5
105583649.7
106515664.3
107341677.2
107994687.4
107998687.5
107999687.5
108000687.5
108020687.8
108972702.7
109726714.5
110825731.7
111808747.0
111995749.9
111998750.0
111999750.0
112000750.0
112008750.1
112834763.0
113545774.2
114381787.2
115331802.1
115826809.8
115994812.4
115998812.5
115999812.5
116000812.5
116013812.7
116883826.3
117464835.4
118399850.0
119004859.5
119961874.4
119998875.0
119999875.0
120000875.0
120183877.9
120941889.7
121755902.4
122706917.3
123475929.3
123997937.5
123998937.5
123999937.5
124000937.5
124136939.6
124967952.6
125500961.0
126210972.0
126926983.2
127857997.8
127999000.0
128000000.0
128001000.0
128785012.3
129528023.9
130093032.7
130688042.0
131350052.3
131997062.5
131999062.5
132000062.5
132001062.5
132489070.1
133288082.6
134173096.5
134829106.7
135612118.9
135996124.9
135999125.0
136000125.0
136001125.0
136063126.0
137170143.3
138120158.1
139034172.4
139704182.9
139997187.5
139999187.5
140000187.5
140001187.5
140104189.1
141199206.2
141931217.7
142675229.3
143349239.8
143908248.6
143998250.0
143999250.0
144000250.0
144001250.0
144048250.8
145002265.7
145889279.5
146403287.6
147105298.5
147658307.2
147993312.4
147999312.5
148000312.5
148001312.5
148023312.9
148990328.0
149804340.7
150907357.9
151750371.1
151997375.0
151999375.0
152000375.0
152001375.0
152096376.5
153056391.5
153912404.9
154705417.3
155831434.9
155995437.4
155999437.5
156000437.5
156001437.5
156026437.9
156550446.1
157480460.6
158325473.8
158947483.6
159987499.8
159998500.0
159999500.0
160000500.0
160001500.0
160025500.4
161013515.8
161828528.6
162588540.4
163524555.1
163996562.4
163998562.5
163999562.5
164000562.5
164014562.7
164769574.5
165588587.3
166365599.5
167251613.3
167992624.9
167998625.0
167999625.0
168000625.0
168006625.1
168367630.7
169137642.8
170002656.3
170579665.3
171407678.2
171993687.4
171998687.5
171999687.5
172000687.5
172012687.7
172777699.7
173711714.2
174495726.5
175073735.5
175994749.9
175998750.0
175999750.0
176000750.0
176034750.5
177127767.6
177968780.8
178457788.4
179461804.1
179995812.4
179998812.5
179999812.5
180000812.5
180028812.9
180938827.2
181884842.0
182872857.4
183513867.4
183997875.0
183998875.0
183999875.0
184000875.0
184163877.6
185178893.4
186176909.0
187011922.1
187855935.2
187998937.5
187999937.5
188000937.5
188319942.5
189448960.1
190194971.8
190891982.7
191744996.0
191999000.0
192000000.0
192001000.0
192841013.1
193844028.8
194565040.1
195410053.3
195999062.5
196000062.5
196001062.5
196692073.3
197349083.6
197852091.4
198801106.3
199607118.9
199998125.0
199999125.0
200000125.0
200001125.0
200119126.9
201057141.5
202055157.1
202893170.2
203709183.0
203997187.5
203999187.5
204000187.5
204001187.5
204079188.7
204788199.8
205719214.4
206190221.7
206788231.1
207403240.7
207996249.9
207999250.0
208000250.0
208001250.0
208153252.4
209173268.3
209942280.3
210604290.7
211496304.6
211994312.4
211999312.5
212000312.5
212001312.5
212045313.2
213129330.1
214315348.7
215197362.5
215995374.9
215999375.0
216000375.0
216001375.0
216062376.0
216785387.3
217706401.7
218362411.9
219419428.4
219995437.4
219999437.5
220000437.5
220001437.5
220086438.8
220796449.9
221722464.4
222654479.0
223489492.0
223994499.9
223998500.0
223999500.0
224000500.0
224005500.1
224377505.9
225324520.7
226318536.2
227323551.9
227995562.4
227998562.5
227999562.5
228000562.5
228016562.8
229158580.6
229817590.9
230967608.9
231994624.9
231998625.0
231999625.0
232000625.0
232016625.3
233035641.2
234096657.8
235239675.6
235994687.4
235998687.5
235999687.5
236000687.5
236016687.8
236887701.4
237997718.7
239033734.9
239619744.1
239997750.0
239998750.0
239999750.0
240000750.0
240074751.2
241211768.9
241736777.1
242603790.7
243610806.4
243996812.4
243998812.5
243999812.5
244000812.5
244057813.4
244898826.5
245787840.4
246856857.1
247665869.8
247997875.0
247998875.0
247999875.0
248000875.0
248139877.2
249482898.2
250313911.2
251393928.0
251998937.5
251999937.5
252000937.5
252691948.3
253862966.6
255001984.4
255999000.0
256000000.0
256001000.0
256854013.3
257692026.4
258741042.8
259818059.7
259999062.5
260000062.5
260001062.5
260488070.1
261792090.5
262948108.6
263838122.5
263999125.0
264000125.0
264001125.0
264411131.4
265165143.2
265821153.5
266839169.4
267970187.0
267999187.5
268000187.5
268001187.5
268133189.6
269130205.2
270006218.8
271328239.5
271997250.0
271999250.0
272000250.0
272001250.0
272170252.7
273140267.8
273910279.8
274950296.1
275991312.4
275999312.5
276000312.5
276001312.5
276117314.3
276931327.1
277588337.3
278299348.4
279129361.4
279992374.9
279999375.0
280000375.0
280001375.0
280076376.2
281137392.8
281847403.9
283108423.6
283996437.4
283999437.5
284000437.5
284001437.5
284179440.3
285313458.0
286223472.2
287106486.0
287995499.9
287999500.0
288000500.0
288001500.0
288080501.3
289374521.5
290572540.2
291847560.1
291997562.5
291998562.5
291999562.5
292000562.5
292014562.7
292998578.1
293985593.5
295082610.7
295862622.9
295998625.0
295999625.0
296000625.0
296045625.7
297174643.4
298522664.4
299306676.7
299994687.4
299998687.5
299999687.5
300000687.5
300027687.9
301080704.4
301964718.2
302778730.9
303994749.9
303998750.0
303999750.0
304000750.0
304061751.0
305220769.1
305998781.2
307334802.1
307997812.5
307998812.5
307999812.5
308000812.5
308150814.9
309270832.4
310687854.5
311996874.9
311998875.0
311999875.0
312000875.0
312174877.7
313046891.4
313807903.2
314840919.4
315998937.5
315999937.5
316000937.5
316742949.1
317951968.0
318907982.9
319918998.7
319999000.0
320000000.0
320001000.0
321193018.6
322278035.6
323478054.3
323999062.5
324000062.5
324001062.5
324679073.1
325628087.9
326725105.1
327998125.0
327999125.0
328000125.0
328001125.0
328510133.0
329655150.9
330927170.7
331996187.4
331999187.5
332000187.5
332001187.5
332218190.9
333663213.5
334853232.1
335997250.0
335999250.0
336000250.0
336001250.0
336143252.2
336932264.6
337780277.8
338852294.6
339712308.0
339998312.5
339999312.5
340000312.5
340001312.5
340257316.5
341456335.3
342642353.8
343642369.4
343997375.0
343999375.0
344000375.0
344001375.0
344105376.6
345334395.8
346255410.2
347808434.5
347998437.5
347999437.5
348000437.5
348001437.5
348173440.2
349286457.6
350623478.5
351743496.0
351998500.0
351999500.0
352000500.0
352001500.0
352219503.4
353357521.2
354559540.0
355634556.8
355996562.4
355998562.5
355999562.5
356000562.5
356019562.8
357264582.3
358539602.2
359996624.9
359998625.0
359999625.0
360000625.0
360049625.8
360973640.2
362145658.5
363202675.0
363996687.4
363998687.5
363999687.5
364000687.5
364062688.5
365157705.6
366304723.5
367920748.8
367998750.0
367999750.0
368000750.0
368065751.0
369525773.8
370516789.3
371524805.1
371998812.5
371999812.5
372000812.5
372321817.5
373737839.7
375203862.6
375996874.9
375998875.0
375999875.0
376000875.0
376308879.8
377308895.4
378221909.7
379843935.1
379998937.5
379999937.5
380000937.5
380974952.7
382317973.7
383110986.1
383859997.8
383999000.0
384000000.0
384001000.0
385287020.1
386431038.0
387965062.0
387999062.5
388000062.5
388001062.5
388793074.9
390470101.1
391816122.1
391999125.0
392000125.0
392001125.0
392443131.9
393747152.3
395072173.0
395997187.5
395999187.5
396000187.5
396001187.5
396489195.1
398195221.8
399590243.6
399998250.0
399999250.0
400000250.0
400001250.0
400211253.3
401372271.4
402424287.9
403991312.4
403999312.5
404000312.5
404001312.5
404305317.3
405386334.2
406646353.8
407996374.9
407999375.0
408000375.0
408001375.0
408219378.4
409672401.1
411170424.5
411997437.5
411999437.5
412000437.5
412001437.5
412218440.9
413399459.4
414305473.5
415469491.7
415997500.0
415998500.0
415999500.0
416000500.0
416050500.8
417491523.3
418664541.6
419995562.4
419998562.5
419999562.5
420000562.5
420032563.0
421366583.9
422473601.1
423344614.8
423997625.0
423998625.0
423999625.0
424000625.0
424045625.7
425336645.9
426677666.8
427949686.7
427998687.5
427999687.5
428000687.5
428149689.8
429982718.5
431592743.6
431997750.0
431998750.0
431999750.0
432000750.0
432102751.6
433128767.6
433985781.0
435127798.9
435997812.5
435998812.5
435999812.5
436000812.5
436283816.9
437779840.3
439047860.1
439998875.0
439999875.0
440000875.0
440655885.2
441719901.9
443529930.2
443998937.5
443999937.5
444000937.5
444790949.9
446585977.9
447999000.0
448000000.0
448001000.0
449604025.1
450823044.1
451999062.5
452000062.5
452001062.5
453150080.5
454424100.4
455998125.0
455999125.0
456000125.0
456001125.0
456689135.8
458011156.4
458933170.8
459998187.5
459999187.5
460000187.5
460001187.5
460751199.2
461797215.6
463272238.6
463997250.0
463999250.0
464000250.0
464001250.0
464346255.4
465668276.1
467032297.4
467997312.5
467999312.5
468000312.5
468001312.5
468298317.2
470075344.9
471436366.2
471998375.0
471999375.0
472000375.0
472001375.0
472504382.9
473582399.7
475221425.3
475997437.5
475999437.5
476000437.5
476001437.5
476284441.9
477928467.6
479395490.6
479997500.0
479999500.0
480000500.0
480001500.0
480295504.6
481635525.6
483084548.2
483997562.5
483998562.5
483999562.5
484000562.5
484073563.6
486002593.8
486896607.8
487996624.9
487998625.0
487999625.0
488000625.0
488058625.9
489625650.4
490812668.9
491997687.5
491998687.5
491999687.5
492000687.5
492152689.9
493780715.3
495311739.2
495997750.0
495998750.0
495999750.0
496000750.0
496225753.5
497911779.9
499565805.7
499998812.5
499999812.5
500000812.5
500252816.4
501512836.1
502624853.5
503855872.7
503998875.0
503999875.0
504000875.0
504651885.2
506469913.6
507998937.5
507999937.5
508000937.5
508998953.1
511096985.9
511999000.0
512000000.0
512001000.0
513870029.2
515459054.0
515999062.5
516000062.5
516001062.5
517712089.2
518934108.3
519997125.0
519999125.0
520000125.0
520001125.0
520875138.7
522525164.5
523998187.5
523999187.5
524000187.5
524001187.5
524717198.7
526466226.0
527745246.0
527999250.0
528000250.0
528001250.0
528757261.8
530786293.5
531997312.5
531999312.5
532000312.5
532001312.5
532352318.0
534089345.1
535651369.6
535998375.0
535999375.0
536000375.0
536001375.0
536452382.1
538485413.8
539805434.5
539998437.5
539999437.5
540000437.5
540001437.5
540471444.9
542161471.3
543530492.7
543997500.0
543998500.0
543999500.0
544000500.0
544047500.7
545863529.1
547669557.3
547998562.5
547999562.5
548000562.5
548126564.5
549627587.9
550768605.8
551996624.9
551998625.0
551999625.0
552000625.0
552105626.6
553969655.8
555239675.6
555997687.5
555998687.5
555999687.5
556000687.5
556146689.8
558168721.4
559642744.4
559998750.0
559999750.0
560000750.0
560412756.4
562297785.9
563797809.3
563998812.5
563999812.5
564000812.5
564363818.2
565891842.1
567664869.8
567998875.0
567999875.0
568000875.0
568814887.7
570630916.1
571998937.5
571999937.5
572000937.5
573574962.1
575384990.4
575999000.0
576000000.0
576001000.0
578137033.4
579723058.2
579999062.5
580000062.5
580001062.5
581333083.3
582955108.7
583998125.0
583999125.0
584000125.0
584001125.0
585002140.7
586619165.9
587998187.5
587999187.5
588000187.5
588001187.5
588854200.8
590059219.7
591926248.8
591999250.0
592000250.0
592001250.0
592982265.3
594884295.1
595998312.5
595999312.5
596000312.5
596001312.5
596559321.2
598240347.5
599997375.0
599999375.0
600000375.0
600001375.0
600631384.9
602260410.3
603909436.1
603999437.5
604000437.5
604001437.5
605225456.6
606539477.2
607997500.0
607998500.0
607999500.0
608000500.0
608067501.1
610164533.8
611997562.5
611998562.5
611999562.5
612000562.5
612116564.3
614022594.1
615534617.7
615998625.0
615999625.0
616000625.0
616271629.2
617926655.1
619996687.4
619998687.5
619999687.5
620000687.5
620167690.1
622027719.2
623756746.2
623998750.0
623999750.0
624000750.0
624511758.0
626658791.5
627998812.5
627999812.5
628000812.5
628816825.3
631007859.5
631998875.0
631999875.0
632000875.0
633283895.1
635117923.7
635998937.5
635999937.5
636000937.5
637687963.9
639505992.3
639999000.0
640000000.0
640001000.0
641305020.4
643902061.0
643999062.5
644000062.5
644001062.5
645985093.5
647315114.3
647999125.0
648000125.0
648001125.0
649978155.9
651998187.5
651999187.5
652000187.5
652001187.5
652900201.6
655044235.1
655998250.0
655999250.0
656000250.0
656001250.0
656983265.4
658964296.3
659998312.5
659999312.5
660000312.5
660001312.5
661114329.9
662594353.0
663997375.0
663999375.0
664000375.0
664001375.0
664495382.7
666089407.6
667997437.5
667999437.5
668000437.5
668001437.5
668807450.1
670805481.3
671997500.0
671999500.0
672000500.0
672001500.0
672540508.4
674360536.9
675997562.5
675998562.5
675999562.5
676000562.5
676121564.4
678300598.4
679998625.0
679999625.0
680000625.0
680356630.6
683235675.6
683998687.5
683999687.5
684000687.5
684323692.6
686480726.3
687998750.0
687999750.0
688000750.0
688445757.0
690589790.5
691998812.5
691999812.5
692000812.5
693228831.7
694972858.9
695998875.0
695999875.0
696000875.0
697178893.4
698957921.2
699998937.5
699999937.5
700000937.5
702146971.0
703918998.7
703999000.0
704000000.0
704001000.0
706369037.0
707530055.2
707999062.5
708000062.5
708001062.5
709953093.0
711810122.0
711999125.0
712000125.0
712001125.0
714197159.3
715998187.5
715999187.5
716000187.5
716001187.5
717189206.1
719997250.0
719999250.0
720000250.0
720001250.0
721234269.3
723386302.9
723999312.5
724000312.5
724001312.5
726152346.1
727997375.0
727999375.0
728000375.0
728001375.0
729052391.4
731073423.0
731998437.5
731999437.5
732000437.5
732001437.5
732807450.1
734896482.8
735998500.0
735999500.0
736000500.0
736001500.0
737104517.3
739537555.3
739998562.5
739999562.5
740000562.5
740155564.9
742490601.4
743998625.0
743999625.0
744000625.0
744346630.4
747152674.3
747998687.5
747999687.5
748000687.5
748706698.5
751549743.0
751998750.0
751999750.0
752000750.0
752546758.5
755524805.1
755998812.5
755999812.5
756000812.5
757726839.5
759998875.0
759999875.0
760000875.0
762853919.6
763998937.5
763999937.5
764000937.5
765270957.4
767348989.8
767999000.0
768000000.0
768001000.0
770812043.9
771999062.5
772000062.5
772001062.5
774248097.6
775530117.7
775999125.0
776000125.0
776001125.0
778014156.5
779999187.5
780000187.5
780001187.5
782874232.4
783998250.0
783999250.0
784000250.0
784001250.0
785843278.8
787530305.2
787999312.5
788000312.5
788001312.5
789753339.9
791946374.2
791999375.0
792000375.0
792001375.0
793157393.1
795530430.2
795998437.5
795999437.5
796000437.5
796001437.5
797062454.1
799433491.1
799998500.0
799999500.0
800000500.0
800331505.2
803441553.8
803998562.5
803999562.5
804000562.5
804342567.8
807005609.5
807998625.0
807999625.0
808000625.0
808335630.2
810584665.4
811998687.5
811999687.5
812000687.5
813230706.7
815529742.6
815998750.0
815999750.0
816000750.0
817015765.9
819529805.1
819998812.5
819999812.5
820000812.5
821041828.8
823998875.0
823999875.0
824000875.0
826284910.7
827529930.2
827998937.5
827999937.5
828000937.5
830193971.8
831999000.0
832000000.0
832001000.0
834755043.0
835999062.5
836000062.5
836001062.5
839375115.2
839999125.0
840000125.0
840001125.0
841568149.5
843530180.2
843999187.5
844000187.5
844001187.5
846314223.7
847999250.0
848000250.0
848001250.0
850039281.9
851530305.2
851531305.2
851532305.2
851999312.5
852000312.5
852001312.5
853965343.2
855998375.0
855999375.0
856000375.0
856001375.0
858140408.4
859998437.5
859999437.5
860000437.5
860001437.5
861566462.0
863530492.7
863531492.7
863532492.7
863998500.0
863999500.0
864000500.0
864314504.9
867998562.5
867999562.5
868000562.5
868555571.2
871530617.7
871998625.0
871999625.0
872000625.0
872401631.3
874285660.7
875998687.5
875999687.5
876000687.5
876805700.1
879998750.0
879999750.0
880000750.0
881669776.1
883529805.1
883998812.5
883999812.5
884000812.5
885162830.7
887244863.2
887998875.0
887999875.0
888000875.0
891235925.6
891998937.5
891999937.5
892000937.5
895529992.7
895530992.7
895531992.7
895999000.0
896000000.0
896001000.0
898774043.3
899999062.5
900000062.5
900001062.5
903051110.2
903530117.7
903531117.7
903532117.7
903999125.0
904000125.0
904001125.0
906647166.4
907530180.2
907531180.2
907532180.2
907999187.5
908000187.5
908001187.5
910421225.3
911999250.0
912000250.0
912001250.0
915495304.6
915530305.2
915531305.2
915532305.2
915999312.5
916000312.5
916001312.5
917762340.0
919530367.7
919531367.7
919532367.7
919999375.0
920000375.0
920001375.0
921769402.6
923530430.2
923999437.5
924000437.5
924001437.5
925996468.7
927530492.7
927531492.7
927532492.7
927998500.0
927999500.0
928000500.0
928357505.6
931530555.2
931998562.5
931999562.5
932000562.5
932788574.8
935530617.7
935998625.0
935999625.0
936000625.0
937032641.1
939529680.1
939530680.2
939531680.2
939532680.2
939998687.5
939999687.5
940000687.5
940862701.0
943529742.6
943998750.0
943999750.0
944000750.0
946513789.3
947529805.1
947530805.2
947531805.2
947998812.5
947999812.5
948000812.5
950173846.5
951529867.6
951530867.7
951531867.7
951998875.0
951999875.0
952000875.0
954521914.4
955998937.5
955999937.5
956000937.5
959529992.7
959530992.7
959531992.7
959999000.0
960000000.0
960001000.0
963530055.2
963531055.2
963532055.2
963999062.5
964000062.5
964001062.5
967211112.7
967530117.7
967531117.7
967532117.7
967999125.0
968000125.0
968001125.0
971530180.2
971531180.2
971532180.2
971999187.5
972000187.5
972001187.5
974015219.0
975530242.7
975531242.7
975532242.7
975999250.0
976000250.0
976001250.0
978223284.7
979530305.2
979531305.2
979532305.2
979999312.5
980000312.5
980001312.5
983420365.9
983530367.7
983531367.7
983532367.7
983999375.0
984000375.0
984001375.0
986872419.9
987530430.2
987531430.2
987532430.2
987999437.5
988000437.5
988001437.5
991530492.7
991531492.7
991532492.7
991998500.0
991999500.0
992000500.0
992698510.9
995529555.1
995530555.2
995531555.2
995532555.2
995998562.5
995999562.5
996000562.5
996789574.8
999530617.7
999531617.7
999532617.7
999765621.3
