10000.15625
12000.0
15000.0
18000.0
21000.0
24000.0
27000.0
30000.0
33000.0
36000.0
39000.0
42000.0
45000.0
48000.0
51000.0
95001.4844
124001.9375
166002.5938
417006.5157
1154018.032
2242035.032
3968062.001
3979062.0
3980062.0
3981062.0
3982062.0
3983062.0
3984062.0
3985062.0
3986062.0
3987062.0
3988062.0
3989062.0
3990062.0
3991062.0
3992062.0
3993062.0
3994062.0
3995062.0
3996062.0
3997062.0
3998062.0
3999062.0
4000063.0
4001063.0
4002063.0
4003063.0
4004063.0
4005063.0
4006063.0
4007063.0
4008063.0
4009063.0
4010063.0
4011063.0
4012063.0
4013063.0
4014063.0
4015063.0
4016063.0
4017063.0
4018063.0
4019063.0
4874076.157
6971108.924
7953124.268
7978125.0
7979125.0
7980125.0
7981125.0
7982125.0
7983125.0
7984125.0
7985125.0
7986125.0
7987125.0
7988125.0
7989125.0
7990125.0
7991125.0
7992125.0
7993125.0
7994125.0
7995125.0
7996125.0
7997125.0
7998125.0
7999125.0
8000125.0
8001125.0
8002125.0
8003125.0
8004125.0
8005125.0
8006125.0
8007125.0
8008125.0
8009125.0
8010125.0
8011125.0
8012125.0
8013125.0
8014125.0
8015125.0
8016125.0
8297129.643
9479148.112
10423162.86
11326176.97
11979187.17
11996187.0
11997187.0
11998187.0
11999187.0
12000188.0
12001188.0
12002188.0
12003188.0
12004188.0
12090188.91
12919201.86
13628212.94
14669229.21
15486241.97
15959249.36
15983250.0
15984250.0
15985250.0
15986250.0
15987250.0
15988250.0
15989250.0
15990250.0
15991250.0
15992250.0
15993250.0
15994250.0
15995250.0
15996250.0
15997250.0
15998250.0
15999250.0
16000250.0
16001250.0
16002250.0
16003250.0
16004250.0
16005250.0
16006250.0
16007250.0
16008250.0
16009250.0
16010250.0
16011250.0
16012250.0
16013250.0
16014250.0
16015250.0
16016250.0
16017250.0
16147252.3
17717276.83
19078298.1
19987312.3
19991312.0
19992312.0
19993312.0
19994312.0
19995312.0
19996312.0
19997312.0
19998312.0
19999312.0
20000313.0
20001313.0
20002313.0
20003313.0
20004313.0
20005313.0
20006313.0
20007313.0
20008313.0
20009313.0
20010313.0
20011313.0
20012313.0
20998328.1
23292363.94
23988375.0
23989375.0
23990375.0
23991375.0
23992375.0
23993375.0
23994375.0
23995375.0
23996375.0
23997375.0
23998375.0
23999375.0
24000375.0
24001375.0
24002375.0
24003375.0
24004375.0
24005375.0
24006375.0
24007375.0
24008375.0
24009375.0
24010375.0
24011375.0
24012375.0
24013375.0
24014375.0
24015375.0
24016375.0
24017375.0
24018375.0
24019375.0
24020375.0
24021375.0
25445397.58
27945436.65
27986437.0
27987437.0
27988437.0
27989437.0
27990437.0
27991437.0
27992437.0
27993437.0
27994437.0
27995437.0
27996437.0
27997437.0
27998437.0
27999437.0
28000438.0
28001438.0
28002438.0
28003438.0
28004438.0
28005438.0
28006438.0
28007438.0
28008438.0
28009438.0
28330442.66
31996499.95
31999499.99
32000500.01
32001500.02
32984515.38
35979562.18
35989562.0
35990562.0
35991562.0
35992562.0
35993562.0
35994562.0
35995562.0
35996562.0
35997562.0
35998562.0
35999562.0
36000563.0
36001563.0
36002563.0
36003563.0
36004563.0
36005563.0
36006563.0
36007563.0
36008563.0
36009563.0
36010563.0
36011563.0
36012563.0
36013563.0
37383584.12
39982624.73
39990625.0
39991625.0
39992625.0
39993625.0
39994625.0
39995625.0
39996625.0
39997625.0
39998625.0
39999625.0
40000625.0
40001625.0
40002625.0
40003625.0
40004625.0
40005625.0
40006625.0
40007625.0
40008625.0
40009625.0
40010625.0
40011625.0
40012625.0
41480648.14
43993687.4
43998687.48
43999687.5
44000687.51
44043688.18
47178737.17
47990749.86
47993750.0
47994750.0
47995750.0
47996750.0
47997750.0
47998750.0
47999750.0
48000750.0
48001750.0
48002750.0
48003750.0
48004750.0
48005750.0
48006750.0
48007750.0
48008750.0
48009750.0
48010750.0
48011750.0
49080766.89
51606806.36
51996812.0
51997812.0
51998812.0
51999813.0
52000813.0
52001813.0
52002813.0
52003813.0
52004813.0
52884826.33
55272863.64
55993875.0
55994875.0
55995875.0
55996875.0
55997875.0
55998875.0
55999875.0
56000875.0
56001875.0
56002875.0
56003875.0
56004875.0
56005875.0
56006875.0
56007875.0
56008875.0
56009875.0
56010875.0
57708901.7
59317926.84
59994937.0
59995937.0
59996937.0
59997937.0
59998937.0
59999938.0
60000938.0
60001938.0
60002938.0
60003938.0
60004938.0
60005938.0
60006938.0
60007938.0
60008938.0
60009938.0
61992968.64
63998999.98
64000000.0
64001000.02
66286035.72
67880060.63
67993062.0
67994062.0
67995062.0
67996062.0
67997062.0
67998062.0
67999062.0
68000063.0
68001063.0
68002063.0
68003063.0
68004063.0
68005063.0
68006063.0
70136095.88
71985125.0
71986125.0
71987125.0
71988125.0
71989125.0
71990125.0
71991125.0
71992125.0
71993125.0
71994125.0
71995125.0
71996125.0
71997125.0
71998125.0
71999125.0
72000125.0
72001125.0
72002125.0
72003125.0
72004125.0
72005125.0
72006125.0
72007125.0
72008125.0
72009125.0
73261144.71
75712183.0
75998187.47
75999187.49
76000187.5
76001187.52
76413193.96
78328223.88
79647244.49
79990250.0
79991250.0
79992250.0
79993250.0
79994250.0
79995250.0
79996250.0
79997250.0
79998250.0
79999250.0
80000250.0
80001250.0
80002250.0
80003250.0
80004250.0
80005250.0
80006250.0
80007250.0
80008250.0
80009250.0
80010250.0
80011250.0
80012250.0
80908264.19
83292301.44
83994312.41
83999312.49
84000312.5
84001312.52
84035313.05
85973343.33
87624369.13
87996374.94
87999374.99
88000375.01
88001375.02
88107376.68
89853403.96
91910436.1
91996437.44
91999437.49
92000437.51
92001437.52
92025437.9
93209456.4
95093485.84
95994499.91
95998499.98
95999499.99
96000500.01
96009500.15
97133517.71
98567540.12
99829559.84
99996562.45
99998562.48
99999562.49
100000562.5
100008562.6
101018578.4
102113595.5
103012609.6
103988624.8
103998625.0
103999625.0
104000625.0
104005625.1
104330630.2
106293660.8
107825684.8
107997687.5
107998687.5
107999687.5
108000687.5
108045688.2
109721714.4
111100735.9
111993749.9
111998750.0
111999750.0
112000750.0
112017750.3
113994781.2
115495804.6
115994812.4
115998812.5
115999812.5
116000812.5
116029813.0
117930842.7
119196862.5
119998875.0
119999875.0
120000875.0
120417881.5
121869904.2
123222925.4
123997937.5
123998937.5
123999937.5
124000937.5
124322942.5
126266972.9
127822997.2
127999000.0
128000000.0
128001000.0
129808028.3
131350052.3
131999062.5
132000062.5
132001062.5
133305082.9
135016109.6
135996124.9
135999125.0
136000125.0
136001125.0
136141127.2
138120158.1
139704182.9
139998187.5
139999187.5
140000187.5
140001187.5
140228191.1
141944217.9
143627244.2
143997250.0
143999250.0
144000250.0
144001250.0
144102251.6
145622275.3
147105298.5
147990312.3
147999312.5
148000312.5
148001312.5
148048313.3
149343333.5
150907357.9
151996374.9
151999375.0
152000375.0
152001375.0
152202378.2
154053407.1
155831434.9
155996437.4
155999437.5
156000437.5
156001437.5
156055438.4
157802465.7
159249488.3
159993499.9
159999500.0
160000500.0
160001500.0
160055500.9
162307536.1
163612556.4
163997562.5
163998562.5
163999562.5
164000562.5
164032563.0
166365599.5
167992624.9
167998625.0
167999625.0
168000625.0
168012625.2
169137642.8
170851669.6
171993687.4
171998687.5
171999687.5
172000687.5
172027687.9
174119720.6
175427741.1
175997750.0
175998750.0
175999750.0
176000750.0
176077751.2
177490773.3
179161799.4
179996812.4
179998812.5
179999812.5
180000812.5
180061813.5
181330833.3
182872857.4
183997875.0
183998875.0
183999875.0
184000875.0
184354880.5
185770902.7
187855935.2
187998937.5
187999937.5
188000937.5
188580946.6
189883966.9
190910983.0
191999000.0
192000000.0
192001000.0
194171033.9
195999062.5
196000062.5
196001062.5
197349083.6
198768105.8
199997125.0
199999125.0
200000125.0
200001125.0
200289129.5
202055157.1
203996187.4
203999187.5
204000187.5
204001187.5
204181190.3
205818215.9
207690245.2
207998250.0
207999250.0
208000250.0
208001250.0
208325255.1
210170283.9
211994312.4
211999312.5
212000312.5
212001312.5
212103314.1
214234347.4
215995374.9
215999375.0
216000375.0
216001375.0
216128377.0
218077407.5
219398428.1
219997437.5
219999437.5
220000437.5
220001437.5
220202440.7
221788465.4
223035484.9
223994499.9
223998500.0
223999500.0
224000500.0
224012500.2
225640525.6
227118548.7
227996562.4
227998562.5
227999562.5
228000562.5
228035563.1
229601587.5
231994624.9
231998625.0
231999625.0
232000625.0
232035625.6
234082657.5
235860685.3
235997687.5
235998687.5
235999687.5
236000687.5
236035688.1
238014719.0
239303739.1
239997750.0
239998750.0
239999750.0
240000750.0
240165752.6
242821794.1
243997812.5
243998812.5
243999812.5
244000812.5
244129814.5
246272848.0
247996875.0
247998875.0
247999875.0
248000875.0
248309879.8
250546914.8
251998937.5
251999937.5
252000937.5
254084970.1
255999000.0
256000000.0
256001000.0
257772027.7
259912061.1
259999062.5
260000062.5
260001062.5
260976077.8
263019109.7
263998125.0
263999125.0
264000125.0
264001125.0
264861138.5
267074173.0
267997187.5
267999187.5
268000187.5
268001187.5
268306192.3
270060219.7
271997250.0
271999250.0
272000250.0
272001250.0
272352255.5
274855294.6
275996312.4
275999312.5
276000312.5
276001312.5
276272316.8
278608353.3
279994374.9
279999375.0
280000375.0
280001375.0
280160377.5
282085407.6
283994437.4
283999437.5
284000437.5
284001437.5
284442444.4
286837481.8
287996499.9
287999500.0
288000500.0
288001500.0
288178502.8
290188534.2
291994562.4
291998562.5
291999562.5
292000562.5
292030563.0
293985593.5
295862622.9
295998625.0
295999625.0
296000625.0
296102626.6
298449663.3
299996687.4
299998687.5
299999687.5
300000687.5
300060688.4
302022719.1
303996749.9
303998750.0
303999750.0
304000750.0
304137752.2
306446788.2
307997812.5
307998812.5
307999812.5
308000812.5
308383818.5
310794856.2
311997875.0
311998875.0
311999875.0
312000875.0
312399881.2
314655916.5
315998937.5
315999937.5
316000937.5
317494960.9
319918998.7
319999000.0
320000000.0
320001000.0
322268035.4
323999062.5
324000062.5
324001062.5
325352083.6
327839122.5
327999125.0
328000125.0
328001125.0
329349146.1
331089173.3
331998187.5
331999187.5
332000187.5
332001187.5
332455194.6
335622244.1
335998250.0
335999250.0
336000250.0
336001250.0
336311254.9
338389287.3
339997312.5
339999312.5
340000312.5
340001312.5
340605322.0
343475366.8
343997375.0
343999375.0
344000375.0
344001375.0
344238378.7
347617431.5
347998437.5
347999437.5
348000437.5
348001437.5
348374443.3
351094485.8
351997500.0
351999500.0
352000500.0
352001500.0
352491507.7
355366552.6
355997562.5
355998562.5
355999562.5
356000562.5
356042563.2
358440600.6
359996624.9
359998625.0
359999625.0
360000625.0
360112626.8
362473663.6
363996687.4
363998687.5
363999687.5
364000687.5
364142689.7
366651728.9
367996749.9
367998750.0
367999750.0
368000750.0
368146752.3
371256800.9
371998812.5
371999812.5
372000812.5
372658822.8
375763871.3
375998875.0
375999875.0
376000875.0
376682885.7
379855935.2
379998937.5
379999937.5
380000937.5
382054969.6
383999000.0
384000000.0
384001000.0
386981046.6
387999062.5
388000062.5
388001062.5
389691088.9
391816122.1
391999125.0
392000125.0
392001125.0
392875138.7
395107173.5
395998187.5
395999187.5
396000187.5
396001187.5
397135205.2
399960249.4
399999250.0
400000250.0
400001250.0
400499257.8
403265301.0
403998312.5
403999312.5
404000312.5
404001312.5
404660322.8
407385365.4
407998375.0
407999375.0
408000375.0
408001375.0
408433381.8
411734433.3
411998437.5
411999437.5
412000437.5
412001437.5
412494445.2
415834497.4
415998500.0
415999500.0
416000500.0
416115501.8
418716542.4
419996562.4
419998562.5
419999562.5
420000562.5
420073563.6
423261613.5
423997625.0
423998625.0
423999625.0
424000625.0
424100626.6
427311676.7
427998687.5
427999687.5
428000687.5
428331692.7
430902732.9
431997750.0
431998750.0
431999750.0
432000750.0
432237753.7
435353802.4
435998812.5
435999812.5
436000812.5
436597821.8
439893873.3
439998875.0
439999875.0
440000875.0
441435897.4
443998937.5
443999937.5
444000937.5
445988968.6
447999000.0
448000000.0
448001000.0
451508054.8
451999062.5
452000062.5
452001062.5
454537102.1
455998125.0
455999125.0
456000125.0
456001125.0
457534149.0
459998187.5
459999187.5
460000187.5
460001187.5
461539211.5
463997250.0
463999250.0
464000250.0
464001250.0
464818262.8
467032297.4
467998312.5
467999312.5
468000312.5
468001312.5
468607322.0
471106361.0
471998375.0
471999375.0
472000375.0
472001375.0
473063391.6
475981437.2
475999437.5
476000437.5
476001437.5
476605447.0
479535492.7
479998500.0
479999500.0
480000500.0
480001500.0
480637510.0
482433538.0
483997562.5
483998562.5
483999562.5
484000562.5
484168565.1
486849607.0
487996624.9
487998625.0
487999625.0
488000625.0
488131627.1
491737683.4
491998687.5
491999687.5
492000687.5
492350693.0
495568743.3
495998750.0
495999750.0
496000750.0
496510758.0
499997812.5
499998812.5
499999812.5
500000812.5
500576821.5
503998875.0
503999875.0
504000875.0
505580899.7
507998937.5
507999937.5
508000937.5
510327973.9
511999000.0
512000000.0
512001000.0
515190049.8
515999062.5
516000062.5
516001062.5
518934108.3
519999125.0
520000125.0
520001125.0
521949155.5
523998187.5
523999187.5
524000187.5
524001187.5
525379209.0
527998250.0
527999250.0
528000250.0
528001250.0
529384271.6
531997312.5
531999312.5
532000312.5
532001312.5
532692323.3
535996374.9
535999375.0
536000375.0
536001375.0
537012390.8
539996437.4
539999437.5
540000437.5
540001437.5
541048453.9
543759496.2
543998500.0
543999500.0
544000500.0
544106501.7
547997562.5
547998562.5
547999562.5
548000562.5
548298567.2
551996624.9
551998625.0
551999625.0
552000625.0
552239628.7
555890685.8
555998687.5
555999687.5
556000687.5
556339692.8
559642744.4
559998750.0
559999750.0
560000750.0
560924764.4
563551805.5
563998812.5
563999812.5
564000812.5
564817825.3
567998875.0
567999875.0
568000875.0
569579899.7
571998937.5
571999937.5
572000937.5
575384990.4
575999000.0
576000000.0
576001000.0
579961061.9
579999062.5
580000062.5
580001062.5
582572102.7
583999125.0
584000125.0
584001125.0
586074157.4
587998187.5
587999187.5
588000187.5
588001187.5
590059219.7
591998250.0
591999250.0
592000250.0
592001250.0
594169283.9
595998312.5
595999312.5
596000312.5
596001312.5
597254332.1
599997375.0
599999375.0
600000375.0
600001375.0
601238394.3
603997437.5
603999437.5
604000437.5
604001437.5
606456475.9
607997500.0
607998500.0
607999500.0
608000500.0
608155502.4
611997562.5
611998562.5
611999562.5
612000562.5
612261566.6
615997625.0
615998625.0
615999625.0
616000625.0
616587634.2
619996687.4
619998687.5
619999687.5
620000687.5
620372693.3
623997750.0
623998750.0
623999750.0
624000750.0
625136767.8
627998812.5
627999812.5
628000812.5
629898842.2
631998875.0
631999875.0
632000875.0
634538914.7
635998937.5
635999937.5
636000937.5
639505992.3
639999000.0
640000000.0
640001000.0
643014047.1
643999062.5
644000062.5
644001062.5
647999125.0
648000125.0
648001125.0
651530180.2
651999187.5
652000187.5
652001187.5
654141221.0
655998250.0
655999250.0
656000250.0
656001250.0
658229284.8
659998312.5
659999312.5
660000312.5
660001312.5
662275348.0
663998375.0
663999375.0
664000375.0
664001375.0
665198393.7
667998437.5
667999437.5
668000437.5
668001437.5
669548461.7
671997500.0
671999500.0
672000500.0
672001500.0
673223519.1
675622556.6
675998562.5
675999562.5
676000562.5
676283566.9
679998625.0
679999625.0
680000625.0
680768637.0
683997687.5
683998687.5
683999687.5
684000687.5
684681698.1
687997750.0
687998750.0
687999750.0
688000750.0
689025766.0
691998812.5
691999812.5
692000812.5
694972858.9
695998875.0
695999875.0
696000875.0
698382912.2
699998937.5
699999937.5
700000937.5
703999000.0
704000000.0
704001000.0
707530055.2
707999062.5
708000062.5
708001062.5
711979124.7
711999125.0
712000125.0
712001125.0
715998187.5
715999187.5
716000187.5
716001187.5
718668229.2
719998250.0
719999250.0
720000250.0
720001250.0
722625291.0
723999312.5
724000312.5
724001312.5
727541367.8
727999375.0
728000375.0
728001375.0
730396412.4
731998437.5
731999437.5
732000437.5
732001437.5
733793465.5
735998500.0
735999500.0
736000500.0
736001500.0
738513539.3
739998562.5
739999562.5
740000562.5
740351568.0
743998625.0
743999625.0
744000625.0
744772637.1
747998687.5
747999687.5
748000687.5
749605712.6
751998750.0
751999750.0
752000750.0
753236769.3
755998812.5
755999812.5
756000812.5
759558868.1
759998875.0
759999875.0
760000875.0
763529930.2
763998937.5
763999937.5
764000937.5
767160986.9
767999000.0
768000000.0
768001000.0
771530055.2
771999062.5
772000062.5
772001062.5
775530117.7
775999125.0
776000125.0
776001125.0
779999187.5
780000187.5
780001187.5
783530242.7
783999250.0
784000250.0
784001250.0
787173299.6
787999312.5
788000312.5
788001312.5
791792371.8
791999375.0
792000375.0
792001375.0
794430413.0
795998437.5
795999437.5
796000437.5
796001437.5
798225472.3
799998500.0
799999500.0
800000500.0
800790512.3
803998562.5
803999562.5
804000562.5
804775574.6
807530617.7
807998625.0
807999625.0
808000625.0
808744636.6
811998687.5
811999687.5
812000687.5
814175721.5
815998750.0
815999750.0
816000750.0
818126783.2
819998812.5
819999812.5
820000812.5
822242847.5
823998875.0
823999875.0
824000875.0
827529930.2
827998937.5
827999937.5
828000937.5
831529992.7
831999000.0
832000000.0
832001000.0
835999062.5
836000062.5
836001062.5
839530117.7
839999125.0
840000125.0
840001125.0
843323176.9
843999187.5
844000187.5
844001187.5
847530242.7
847999250.0
848000250.0
848001250.0
851530305.2
851531305.2
851532305.2
851999312.5
852000312.5
852001312.5
855530367.7
855999375.0
856000375.0
856001375.0
859530430.2
859999437.5
860000437.5
860001437.5
863074485.5
863530492.7
863531492.7
863532492.7
863998500.0
863999500.0
864000500.0
864718511.2
867998562.5
867999562.5
868000562.5
869246582.0
871998625.0
871999625.0
872000625.0
872984640.4
875530680.2
875998687.5
875999687.5
876000687.5
877790715.5
879998750.0
879999750.0
880000750.0
883529805.1
883998812.5
883999812.5
884000812.5
886975859.0
887998875.0
887999875.0
888000875.0
891529930.2
891998937.5
891999937.5
892000937.5
895529992.7
895530992.7
895531992.7
895999000.0
896000000.0
896001000.0
899530055.2
899999062.5
900000062.5
900001062.5
903530117.7
903531117.7
903532117.7
903999125.0
904000125.0
904001125.0
907530180.2
907531180.2
907532180.2
907999187.5
908000187.5
908001187.5
911530242.7
911999250.0
912000250.0
912001250.0
915530305.2
915531305.2
915532305.2
915999312.5
916000312.5
916001312.5
919530367.7
919531367.7
919532367.7
919999375.0
920000375.0
920001375.0
923530430.2
923999437.5
924000437.5
924001437.5
927530492.7
927531492.7
927532492.7
927998500.0
927999500.0
928000500.0
928796512.4
931530555.2
931998562.5
931999562.5
932000562.5
933763590.1
935998625.0
935999625.0
936000625.0
938452663.3
939530680.2
939531680.2
939532680.2
939998687.5
939999687.5
940000687.5
941928717.6
943998750.0
943999750.0
944000750.0
947529805.1
947530805.2
947531805.2
947998812.5
947999812.5
948000812.5
951529867.6
951530867.7
951531867.7
951998875.0
951999875.0
952000875.0
955529930.2
955998937.5
955999937.5
956000937.5
959529992.7
959530992.7
959531992.7
959999000.0
960000000.0
960001000.0
963530055.2
963531055.2
963532055.2
963999062.5
964000062.5
964001062.5
967530117.7
967531117.7
967532117.7
967999125.0
968000125.0
968001125.0
971530180.2
971531180.2
971532180.2
971999187.5
972000187.5
972001187.5
975530242.7
975531242.7
975532242.7
975999250.0
976000250.0
976001250.0
979530305.2
979531305.2
979532305.2
979999312.5
980000312.5
980001312.5
983530367.7
983531367.7
983532367.7
983999375.0
984000375.0
984001375.0
987530430.2
987531430.2
987532430.2
987999437.5
988000437.5
988001437.5
991530492.7
991531492.7
991532492.7
991998500.0
991999500.0
992000500.0
993658525.9
995530555.2
995531555.2
995532555.2
995998562.5
995999562.5
996000562.5
997781590.3
999530617.7
999531617.7
999532617.7
999765621.3
