10000.15625
15000.23438
26000.40626
29000.45313
31000.48438
35000.54688
40000.62501
50000.78126
55000.85939
63000.98439
68001.06252
72001.12502
77001.20314
82001.28127
90001.40627
93001.45315
94001.46877
96001.50002
101001.5781
103001.6094
105001.6407
106001.6563
107001.6719
110001.7188
112001.75
114001.7813
116001.8125
120001.875
124001.9375
125001.9532
127001.9844
131002.0469
137002.1407
149002.3282
163002.5469
175002.7344
185002.8907
197003.0782
219003.4219
230003.5938
248003.8751
266004.1563
280004.3751
304004.7501
317004.9532
339005.297
363005.672
390006.0938
415006.4845
443006.922
473007.3907
498007.7814
536008.3751
573008.9533
599009.3595
655010.2345
700010.9377
735011.4846
780012.1877
840013.1252
891013.9221
955014.9221
1029016.078
1117017.453
1194018.657
1291020.172
1379021.547
1483023.172
1658025.907
1851028.922
2093032.704
2538039.657
3134048.97
3734058.345
3949061.704
3986062.282
3994062.407
3997062.454
3998062.47
3999062.485
4000062.501
4001062.517
4002062.532
4004062.563
4012062.688
4034063.032
4158064.97
4632072.376
4991077.986
5191081.111
5443085.048
5680088.751
5899092.173
6085095.08
6203096.923
6342099.095
6466101.033
6649103.892
6793106.142
6952108.627
7046110.095
7221112.83
7348114.814
7514117.408
7634119.283
7773121.455
7915123.674
7971124.549
7988124.814
7994124.908
7996124.939
7997124.955
7998124.971
7999124.986
8000125.002
8001125.018
8002125.033
8004125.064
8009125.143
8022125.346
8111126.736
8231128.611
8297129.643
8427131.674
8583134.111
8712136.127
8812137.69
8930139.533
9050141.408
9132142.69
9243144.424
9323145.674
9400146.877
9479148.112
9557149.33
9615150.237
9714151.784
9834153.659
9948155.44
10028156.69
10115158.05
10206159.47
10293160.83
10364161.94
10433163.02
10500164.07
10610165.78
10721167.52
10809168.89
10902170.35
10992171.75
11072173.0
11170174.53
11238175.6
11326176.97
11378177.78
11480179.38
11552180.5
11603181.3
11652182.07
11705182.89
11751183.61
11816184.63
11885185.71
11969187.02
11990187.35
11996187.44
11998187.47
11999187.49
12000187.5
12001187.52
12002187.53
12004187.57
12016187.75
12062188.47
12160190.0
12238191.22
12317192.46
12385193.52
12456194.63
12523195.67
12592196.75
12678198.1
12768199.5
12857200.89
12919201.86
12990202.97
13078204.35
13162205.66
13210206.41
13276207.44
13322208.16
13400209.38
13496210.88
13566211.97
13625212.89
13679213.74
13733214.58
13786215.41
13877216.83
13945217.89
14031219.24
14104220.38
14157221.21
14210222.03
14274223.03
14358224.35
14444225.69
14547227.3
14610228.28
14679229.36
14718229.97
14808231.38
14890232.66
14964233.82
15070235.47
15166236.97
15255238.36
15330239.53
15400240.63
15461241.58
15529242.64
15617244.02
15680245.0
15763246.3
15833247.39
15891248.3
15949249.21
15982249.72
15990249.85
15993249.89
15995249.93
15996249.94
15997249.96
15998249.97
15999249.99
16000250.0
16001250.02
16002250.04
16003250.05
16005250.08
16008250.13
16016250.25
16029250.46
16069251.08
16175252.74
16280254.38
16334255.22
16406256.35
16458257.16
16532258.32
16603259.43
16696260.88
16831262.99
16904264.13
17004265.69
17089267.02
17176268.38
17276269.94
17348271.07
17437272.46
17528273.88
17620275.32
17722276.91
17809278.27
17921280.02
18016281.5
18138283.41
18268285.44
18422287.85
18569290.15
18684291.94
18801293.77
18935295.86
19078298.1
19183299.74
19343302.24
19472304.25
19564305.69
19787309.18
19939311.55
19988312.32
19996312.44
19998312.47
19999312.49
20000312.5
20001312.52
20003312.55
20011312.68
20073313.65
20247316.36
20447319.49
20618322.16
20784324.76
20998328.1
21095329.61
21311332.99
21618337.79
21773340.21
22101345.33
22338349.04
22608353.26
22917358.08
23102360.97
23402365.66
23730370.79
23976374.63
23993374.9
23997374.96
23998374.97
23999374.99
24000375.01
24001375.02
24003375.05
24010375.16
24062375.97
24294379.6
24729386.4
25122392.54
25393396.77
25717401.83
25933405.21
26269410.46
26698417.16
26970421.41
27164424.44
27490429.54
27875435.55
27979437.18
27993437.4
27996437.44
27997437.46
27998437.48
27999437.49
28000437.51
28001437.52
28002437.54
28005437.58
28017437.77
28131439.55
28554446.16
28993453.02
29479460.62
30001468.77
30312473.63
30666479.16
31061485.34
31315489.3
31689495.15
31993499.9
31999499.99
32000500.01
32001500.02
32068501.07
32499507.8
32927514.49
33343520.99
33595524.93
33895529.62
34283535.68
34620540.95
34922545.66
35143549.12
35467554.18
35794559.29
35972562.07
35993562.4
35997562.46
35998562.48
35999562.49
36000562.51
36001562.52
36003562.56
36013562.71
36133564.59
36511570.49
36729573.9
37049578.9
37369583.9
37695588.99
38007593.87
38259597.81
38632603.63
39048610.13
39388615.45
39656619.63
39949624.21
39992624.88
39997624.96
39998624.98
39999624.99
40000625.01
40001625.03
40004625.07
40025625.4
40261629.09
40567633.87
40860638.45
41171643.31
41525648.84
41892654.57
42161658.78
42491663.93
42726667.6
43022672.23
43214675.23
43422678.48
43691682.68
43947686.68
43996687.45
43998687.48
43999687.5
44000687.51
44003687.56
44065688.53
44346692.92
44574696.48
44736699.01
45052703.95
45247707.0
45489710.78
45699714.06
45981718.46
46170721.42
46434725.54
46678729.36
46912733.01
47176737.14
47361740.03
47640744.39
47881748.15
47989749.84
47996749.95
47998749.98
47999750.0
48000750.01
48001750.03
48005750.09
48033750.53
48210753.29
48449757.03
48616759.64
48799762.5
49080766.89
49250769.54
49514773.67
49729777.03
49852778.95
50069782.34
50250785.17
50551789.87
50772793.32
50918795.61
51108798.58
51397803.09
51606806.36
51891810.81
51992812.39
51998812.48
51999812.5
52000812.51
52003812.56
52043813.18
52202815.67
52411818.93
52525820.72
52727823.87
52884826.33
53116829.95
53242831.92
53468835.45
53720839.39
53922842.54
54147846.06
54312848.64
54477851.22
54677854.34
54833856.78
54960858.76
55162861.92
55421865.97
55559868.12
55700870.33
55937874.03
55996874.95
55998874.98
55999875.0
56000875.01
56007875.12
56222878.48
56414881.48
56649885.15
56801887.53
56968890.14
57126892.61
57319895.62
57524898.83
57741902.22
57935905.25
58079907.5
58266910.42
58432913.01
58557914.97
58755918.06
58920920.64
59092923.33
59264926.01
59525930.09
59676932.45
59865935.41
59992937.39
59998937.48
59999937.5
60000937.51
60009937.66
60211940.81
60380943.45
60556946.2
60755949.31
60920951.89
61050953.92
61207956.37
61345958.53
61463960.37
61638963.11
61768965.14
61915967.44
62057969.66
62202971.92
62401975.03
62579977.81
62816981.52
62917983.09
63088985.77
63248988.27
63392990.52
63576993.39
63723995.69
63845997.59
63987999.81
63998999.98
64000000.0
64001000.02
64139002.17
64257004.02
64394006.16
64563008.8
64730011.41
64860013.44
65052016.44
65221019.08
65368021.38
65536024.0
65659025.92
65879029.36
66055032.11
66177034.02
66286035.72
66403037.55
66565040.08
66732042.69
66872044.88
67006046.97
67191049.86
67303051.61
67429053.58
67570055.78
67735058.36
67880060.63
67997062.45
67999062.49
68000062.5
68001062.52
68020062.81
68174065.22
68318067.47
68459069.67
68611072.05
68743074.11
68924076.94
69105079.77
69231081.74
69362083.78
69508086.06
69682088.78
69838091.22
69957093.08
70093095.2
70273098.02
70411100.17
70635103.67
70768105.75
70919108.11
71148111.69
71256113.38
71354114.91
71500117.19
71636119.31
71814122.1
71989124.83
71998124.97
71999124.99
72000125.0
72001125.02
72006125.1
72096126.5
72253128.96
72389131.08
72585134.14
72727136.36
72901139.08
73099142.17
73254144.6
73415147.11
73517148.71
73643150.67
73778152.78
73924155.06
74077157.46
74214159.6
74346161.66
74498164.03
74624166.0
74774168.35
74903170.36
75016172.13
75160174.38
75322176.91
75478179.35
75593181.14
75736183.38
75898185.91
75997187.46
75999187.49
76000187.5
76001187.52
76029187.96
76227191.05
76421194.08
76530195.78
76712198.63
76839200.61
77006203.22
77145205.39
77318208.1
77513211.14
77632213.0
77768215.13
77905217.27
78088220.13
78266222.91
78376224.63
78545227.27
78668229.19
78847231.99
78955233.68
79129236.39
79257238.39
79356239.94
79502242.22
79647244.49
79820247.19
79951249.24
79994249.91
79998249.97
79999249.99
80000250.0
80001250.02
80004250.07
80023250.36
80158252.47
80261254.08
80400256.25
80524258.19
80706261.04
80856263.38
80975265.24
81127267.61
81285270.08
81416272.13
81564274.44
81738277.16
81907279.8
82053282.08
82163283.8
82307286.05
82491288.93
82610290.79
82697292.15
82871294.86
83078298.1
83215300.24
83394303.04
83579305.93
83661307.21
83822309.72
83966311.97
83994312.41
83998312.47
83999312.49
84000312.5
84001312.52
84004312.57
84027312.93
84137314.65
84311317.36
84489320.15
84613322.08
84707323.55
84802325.04
85010328.29
85140330.32
85235331.8
85413334.58
85588337.32
85675338.68
85843341.3
85960343.13
86131345.8
86254347.72
86462350.97
86581352.83
86702354.72
86798356.22
86905357.9
87013359.58
87142361.6
87321364.4
87484366.94
87624369.13
87786371.66
87901373.46
87992374.88
87998374.97
87999374.99
88000375.01
88001375.02
88009375.15
88111376.74
88218378.41
88362380.66
88500382.82
88614384.6
88775387.12
88915389.3
89092392.07
89254394.6
89393396.77
89575399.62
89705401.65
89853403.96
90051407.05
90192409.26
90354411.79
90535414.62
90628416.07
90798418.73
90980421.57
91120423.76
91208425.13
91365427.58
91501429.71
91687432.62
91826434.79
91910436.1
91984437.26
91996437.44
91998437.48
91999437.49
92000437.51
92001437.52
92004437.57
92026437.91
92157439.96
92333442.71
92478444.98
92603446.93
92708448.57
92869451.09
92959452.49
93104454.76
93209456.4
93385459.15
93539461.55
93668463.57
93806465.73
93977468.4
94107470.43
94239472.49
94340474.07
94470476.1
94584477.88
94733480.21
94929483.27
95023484.74
95118486.23
95259488.43
95414490.85
95572493.32
95716495.57
95853497.71
95988499.82
95997499.96
95998499.98
95999499.99
96000500.01
96001500.02
96008500.13
96087501.37
96249503.9
96378505.91
96536508.38
96677510.59
96810512.66
96963515.05
97133517.71
97255519.62
97371521.43
97489523.27
97569524.52
97653525.84
97752527.38
97901529.71
98074532.41
98240535.01
98395537.43
98513539.27
98709542.34
98805543.84
98969546.4
99155549.31
99280551.26
99427553.56
99568555.76
99731558.31
99863560.37
99980562.2
99996562.45
99998562.48
99999562.49
100000562.5
100001562.5
100006562.6
100103564.1
100253566.5
100363568.2
100480570.0
100639572.5
100770574.5
100904576.6
101018578.4
101163580.7
101314583.0
101464585.4
101597587.5
101722589.4
101805590.7
101973593.3
102112595.5
102254597.7
102332598.9
102479601.2
102663604.1
102828606.7
102932608.3
103049610.2
103195612.4
103382615.4
103553618.0
103705620.4
103828622.3
103987624.8
103996624.9
103998625.0
103999625.0
104000625.0
104001625.0
104004625.1
104024625.4
104170627.7
104281629.4
104410631.4
104580634.1
104720636.3
104838638.1
104934639.6
105070641.7
105206643.9
105315645.6
105475648.1
105583649.7
105738652.2
105883654.4
106075657.4
106278660.6
106409662.7
106525664.5
106622666.0
106742667.9
106871669.9
106985671.7
107129673.9
107277676.2
107386677.9
107513679.9
107689682.7
107825684.8
107970687.0
107997687.5
107998687.5
107999687.5
108000687.5
108004687.6
108091688.9
108180690.3
108307692.3
108478695.0
108579696.6
108677698.1
108787699.8
108964702.6
109065704.2
109142705.4
109322708.2
109471710.5
109645713.2
109785715.4
109948717.9
110107720.4
110218722.2
110334724.0
110482726.3
110614728.4
110781731.0
110966733.9
111093735.8
111233738.0
111384740.4
111514742.4
111642744.4
111808747.0
111991749.9
111997750.0
111998750.0
111999750.0
112000750.0
112002750.0
112018750.3
112116751.8
112305754.8
112450757.0
112561758.8
112674760.5
112834763.0
112987765.4
113059766.6
113176768.4
113323770.7
113435772.4
113618775.3
113797778.1
113968780.8
114101782.8
114266785.4
114367787.0
114529789.5
114686792.0
114825794.2
114908795.4
115043797.6
115215800.2
115330802.0
115495804.6
115620806.6
115796809.3
115935811.5
115993812.4
115998812.5
115999812.5
116000812.5
116003812.6
116054813.4
116183815.4
116258816.5
116408818.9
116508820.5
116632822.4
116810825.2
116925827.0
117026828.5
117174830.9
117292832.7
117377834.0
117555836.8
117701839.1
117793840.5
117921842.5
118065844.8
118216847.1
118378849.7
118508851.7
118644853.8
118810856.4
118918858.1
119083860.7
119196862.5
119286863.9
119432866.1
119561868.2
119692870.2
119845872.6
119996875.0
119998875.0
119999875.0
120000875.0
120028875.5
120132877.1
120210878.3
120376880.9
120522883.2
120691885.8
120876888.7
120995890.6
121129892.7
121295895.2
121458897.8
121578899.7
121747902.3
121829903.6
121977905.9
122103907.9
122219909.7
122311911.1
122440913.1
122568915.1
122691917.1
122864919.8
123035922.4
123222925.4
123388928.0
123511929.9
123645932.0
123796934.3
123923936.3
123997937.5
123998937.5
123999937.5
124000937.5
124023937.9
124121939.4
124238941.2
124381943.5
124517945.6
124698948.4
124860951.0
125025953.5
125158955.6
125297957.8
125456960.3
125615962.7
125775965.2
125908967.3
126050969.5
126200971.9
126298973.4
126410975.2
126590978.0
126736980.3
126882982.5
127035984.9
127174987.1
127282988.8
127413990.8
127588993.6
127716995.6
127857997.8
127954999.3
127999000.0
128000000.0
128001000.0
128129002.0
128279004.4
128409006.4
128597009.3
128717011.2
128854013.3
129010015.8
129132017.7
129224019.1
129346021.0
129501023.5
129618025.3
129808028.3
129954030.5
130058032.2
130223034.7
130365037.0
130542039.7
130661041.6
130757043.1
130911045.5
131060047.8
131194049.9
131302051.6
131466054.2
131640056.9
131789059.2
131940061.6
131998062.5
131999062.5
132000062.5
132001062.5
132097064.0
132209065.8
132334067.7
132455069.6
132617072.1
132744074.1
132908076.7
133071079.2
133206081.3
133336083.4
133483085.7
133644088.2
133823091.0
133978093.4
134118095.6
134281098.1
134413100.2
134538102.2
134635103.7
134806106.3
134905107.9
135016109.6
135169112.0
135269113.6
135375115.2
135489117.0
135612118.9
135760121.3
135886123.2
135994124.9
135999125.0
136000125.0
136001125.0
136011125.2
136160127.5
136329130.1
136529133.3
136616134.6
136753136.8
136858138.4
137007140.7
137149143.0
137302145.3
137426147.3
137554149.3
137662151.0
137816153.4
137958155.6
138120158.1
138270160.5
138427162.9
138594165.5
138709167.3
138860169.7
138965171.3
139103173.5
139247175.7
139347177.3
139454179.0
139626181.7
139809184.5
139935186.5
139995187.4
139999187.5
140000187.5
140001187.5
140016187.8
140145189.8
140306192.3
140486195.1
140676198.1
140861201.0
141062204.1
141203206.3
141384209.1
141501211.0
141663213.5
141792215.5
141931217.7
142061219.7
142125220.7
142273223.0
142417225.3
142551227.4
142675229.3
142757230.6
142855232.1
143021234.7
143161236.9
143311239.2
143444241.3
143579243.4
143718245.6
143829247.3
143983249.7
143998250.0
143999250.0
144000250.0
144001250.0
144009250.1
144145252.3
144303254.7
144498257.8
144710261.1
144865263.5
144985265.4
145123267.6
145233269.3
145438272.5
145543274.1
145660275.9
145777277.8
145914279.9
146062282.2
146208284.5
146403287.6
146571290.2
146701292.2
146849294.5
146986296.7
147105298.5
147214300.2
147362302.5
147467304.2
147642306.9
147781309.1
147947311.7
147994312.4
147998312.5
147999312.5
148000312.5
148001312.5
148005312.6
148068313.6
148230316.1
148313317.4
148466319.8
148623322.2
148813325.2
148980327.8
149094329.6
149276332.4
149402334.4
149528336.4
149645338.2
149804340.7
149994343.7
150134345.8
150282348.2
150381349.7
150523351.9
150632353.6
150820356.6
150972358.9
151109361.1
151225362.9
151356364.9
151468366.7
151563368.2
151686370.1
151801371.9
151945374.1
151997375.0
151999375.0
152000375.0
152001375.0
152017375.3
152161377.5
152276379.3
152428381.7
152587384.2
152792387.4
152910389.2
153056391.5
153167393.2
153311395.5
153443397.6
153571399.6
153700401.6
153902404.7
154008406.4
154149408.6
154307411.1
154452413.3
154574415.2
154705417.3
154773418.3
154927420.7
155075423.1
155207425.1
155375427.7
155528430.1
155687432.6
155887435.7
155990437.4
155997437.5
155998437.5
155999437.5
156000437.5
156001437.5
156006437.6
156066438.5
156245441.3
156348442.9
156528445.8
156705448.5
156859450.9
157018453.4
157153455.5
157296457.8
157453460.2
157582462.2
157687463.9
157802465.7
157942467.9
158109470.5
158231472.4
158396474.9
158537477.1
158735480.2
158900482.8
159047485.1
159217487.8
159370490.2
159589493.6
159752496.1
159908498.6
159992499.9
159997500.0
159998500.0
159999500.0
160000500.0
160001500.0
160006500.1
160075501.2
160203503.2
160336505.3
160467507.3
160611509.6
160736511.5
160858513.4
160983515.4
161110517.4
161258519.7
161361521.3
161502523.5
161655525.9
161827528.6
162004531.3
162123533.2
162287535.7
162446538.2
162588540.4
162748542.9
162870544.9
163018547.2
163210550.2
163332552.1
163469554.2
163628556.7
163773559.0
163972562.1
163997562.5
163998562.5
163999562.5
164000562.5
164003562.6
164063563.5
164216565.9
164323567.6
164452569.6
164629572.3
164769574.5
164869576.1
165005578.2
165150580.5
165317583.1
165467585.4
165604587.6
165792590.5
165926592.6
166041594.4
166201596.9
166365599.5
166517601.8
166648603.9
166781606.0
166928608.3
167093610.8
167251613.3
167366615.1
167545617.9
167677620.0
167858622.8
167989624.8
167997625.0
167998625.0
167999625.0
168000625.0
168001625.0
168008625.1
168099626.6
168209628.3
168377630.9
168513633.0
168648635.1
168794637.4
168907639.2
169055641.5
169184643.5
169360646.3
169516648.7
169675651.2
169803653.2
169898654.7
170022656.6
170197659.3
170332661.4
170440663.1
170610665.8
170762668.2
170939670.9
171067672.9
171235675.6
171407678.2
171559680.6
171658682.2
171770683.9
171916686.2
171993687.4
171998687.5
171999687.5
172000687.5
172002687.5
172026687.9
172165690.1
172305692.3
172482695.0
172657697.8
172777699.7
172940702.2
173029703.6
173159705.6
173283707.6
173393709.3
173496710.9
173664713.5
173785715.4
173902717.2
174050719.5
174209722.0
174363724.4
174521726.9
174640728.8
174756730.6
174913733.0
175073735.5
175227737.9
175383740.4
175555743.1
175674744.9
175808747.0
175962749.4
175997750.0
175998750.0
175999750.0
176000750.0
176005750.1
176136752.1
176343755.4
176474757.4
176648760.1
176785762.3
176926764.5
177092767.1
177278770.0
177490773.3
177608775.1
177741777.2
177900779.7
178064782.3
178214784.6
178367787.0
178499789.1
178695792.1
178893795.2
179046797.6
179289801.4
179449803.9
179583806.0
179744808.5
179921811.3
179995812.4
179998812.5
179999812.5
180000812.5
180005812.6
180112814.3
180249816.4
180391818.6
180546821.0
180692823.3
180857825.9
180946827.3
181087829.5
181311833.0
181499835.9
181644838.2
181793840.5
181884842.0
182027844.2
182157846.2
182298848.4
182375849.6
182565852.6
182670854.2
182783856.0
182890857.7
183054860.2
183157861.8
183322864.4
183433866.2
183581868.5
183734870.9
183887873.2
183995874.9
183998875.0
183999875.0
184000875.0
184022875.4
184227878.6
184357880.6
184488882.6
184614884.6
184764887.0
184934889.6
185077891.8
185212894.0
185357896.2
185526898.9
185723901.9
185870904.2
185987906.1
186135908.4
186283910.7
186407912.6
186572915.2
186679916.9
186850919.5
187011922.1
187151924.2
187334927.1
187455929.0
187624931.6
187763933.8
187895935.9
187998937.5
187999937.5
188000937.5
188061938.5
188211940.8
188319942.5
188467944.8
188580946.6
188681948.2
188792949.9
188922951.9
189100954.7
189229956.7
189370958.9
189564962.0
189746964.8
189882966.9
190133970.8
190296973.4
190423975.4
190631978.6
190776980.9
190891982.7
191008984.5
191095985.9
191258988.4
191366990.1
191528992.6
191657994.7
191815997.1
191978999.7
191999000.0
192000000.0
192001000.0
192161002.5
192281004.4
192384006.0
192525008.2
192628009.8
192734011.5
192841013.1
193026016.0
193187018.5
193323020.7
193448022.6
193615025.2
193816028.4
193966030.7
194088032.6
194215034.6
194373037.1
194519039.4
194628041.1
194809043.9
194968046.4
195191049.9
195381052.8
195521055.0
195683057.5
195878060.6
195999062.5
196000062.5
196001062.5
196111064.2
196242066.3
196358068.1
196522070.7
196663072.9
196789074.8
196920076.9
197102079.7
197322083.2
197496085.9
197612087.7
197791090.5
197928092.6
198109095.5
198236097.4
198426100.4
198548102.3
198752105.5
198893107.7
199046110.1
199197112.5
199311114.2
199459116.5
199580118.4
199707120.4
199877123.1
199996124.9
199999125.0
200000125.0
200001125.0
200020125.3
200203128.2
200374130.8
200525133.2
200669135.5
200844138.2
201049141.4
201208143.9
201407147.0
201577149.6
201740152.2
201868154.2
202055157.1
202200159.4
202375162.1
202552164.9
202734167.7
202893170.2
203049172.6
203247175.7
203463179.1
203622181.6
203842185.0
203988187.3
203998187.5
203999187.5
204000187.5
204001187.5
204013187.7
204233191.1
204385193.5
204504195.4
204622197.2
204788199.8
204971202.7
205108204.8
205230206.7
205360208.8
205532211.4
205683213.8
205818215.9
205934217.7
206140220.9
206296223.4
206445225.7
206620228.4
206788231.1
206903232.9
207109236.1
207240238.1
207332239.6
207403240.7
207605243.8
207781246.6
207907248.6
207996249.9
207999250.0
208000250.0
208001250.0
208026250.4
208179252.8
208340255.3
208520258.1
208648260.1
208808262.6
208967265.1
209085267.0
209184268.5
209409272.0
209580274.7
209709276.7
209867279.2
210003281.3
210170283.9
210340286.6
210483288.8
210604290.7
210781293.5
210921295.6
211065297.9
211183299.7
211381302.8
211496304.6
211641306.9
211807309.5
211937311.5
211996312.4
211998312.5
211999312.5
212000312.5
212001312.5
212009312.6
212128314.5
212307317.3
212526320.7
212663322.9
212829325.5
212941327.2
213074329.3
213193331.1
213386334.2
213538336.5
213655338.4
213833341.1
213986343.5
214127345.7
214269348.0
214393349.9
214538352.2
214694354.6
214872357.4
215068360.4
215230363.0
215359365.0
215493367.1
215625369.1
215822372.2
215947374.2
215995374.9
215998375.0
215999375.0
216000375.0
216001375.0
216011375.2
216128377.0
216262379.1
216431381.7
216627384.8
216816387.8
216978390.3
217131392.7
217281395.0
217504398.5
217685401.3
217823403.5
217953405.5
218077407.5
218170408.9
218289410.8
218417412.8
218570415.2
218782418.5
218913420.5
219048422.6
219244425.7
219398428.1
219546430.4
219687432.6
219837435.0
219991437.4
219998437.5
219999437.5
220000437.5
220001437.5
220015437.7
220168440.1
220341442.8
220454444.6
220618447.2
220771449.6
220933452.1
221102454.7
221254457.1
221456460.3
221635463.1
221788465.4
221929467.6
222048469.5
222147471.1
222256472.8
222427475.4
222654479.0
222792481.1
222935483.4
223035484.9
223200487.5
223408490.8
223545492.9
223690495.2
223828497.3
223986499.8
223997500.0
223998500.0
223999500.0
224000500.0
224001500.0
224009500.1
224146502.3
224321505.0
224493507.7
224646510.1
224766512.0
224903514.1
225124517.6
225313520.5
225433522.4
225607525.1
225772527.7
225934530.2
226104532.9
226210534.5
226340536.6
226460538.4
226581540.3
226743542.9
226893545.2
227118548.7
227264551.0
227403553.2
227601556.3
227726558.2
227912561.1
227995562.4
227998562.5
227999562.5
228000562.5
228003562.6
228116564.3
228303567.2
228480570.0
228642572.5
228804575.1
228931577.1
229071579.2
229193581.1
229394584.3
229485585.7
229601587.5
229789590.5
229939592.8
230140595.9
230331598.9
230532602.1
230741605.3
230896607.8
231048610.1
231222612.9
231374615.2
231534617.7
231664619.8
231785621.6
231988624.8
231998625.0
231999625.0
232000625.0
232003625.1
232065626.0
232224628.5
232403631.3
232537633.4
232659635.3
232842638.2
233035641.2
233197643.7
233334645.9
233519648.7
233626650.4
233719651.9
233883654.4
234062657.2
234255660.2
234391662.4
234576665.3
234746667.9
234843669.4
235014672.1
235216675.3
235341677.2
235528680.1
235688682.6
235860685.3
235994687.4
235998687.5
235999687.5
236000687.5
236003687.6
236049688.3
236220690.9
236385693.5
236533695.8
236705698.5
236818700.3
236987702.9
237160705.6
237362708.8
237536711.5
237730714.5
237886717.0
238014719.0
238192721.8
238329723.9
238530727.0
238702729.7
238884732.6
239032734.9
239191737.4
239303739.1
239418740.9
239580743.4
239684745.1
239887748.2
239996749.9
239998750.0
239999750.0
240000750.0
240011750.2
240175752.7
240340755.3
240545758.5
240765762.0
240905764.2
241044766.3
241190768.6
241376771.5
241497773.4
241721776.9
241874779.3
242014781.5
242222784.7
242325786.3
242534789.6
242708792.3
242882795.0
243046797.6
243261801.0
243478804.4
243641806.9
243802809.4
243986812.3
243998812.5
243999812.5
244000812.5
244009812.7
244193815.5
244376818.4
244572821.4
244782824.7
244943827.2
245077829.3
245259832.2
245371833.9
245525836.3
245688838.9
245866841.7
245982843.5
246115845.6
246264847.9
246407850.1
246565852.6
246702854.7
246856857.1
246955858.7
247089860.8
247332864.6
247494867.1
247665869.8
247842872.5
247996875.0
247998875.0
247999875.0
248000875.0
248020875.3
248263879.1
248398881.2
248578884.0
248705886.0
248872888.6
248982890.4
249142892.9
249360896.3
249482898.2
249638900.6
249842903.8
250081907.5
250242910.0
250469913.6
250600915.6
250793918.7
250911920.5
251123923.8
251273926.2
251409928.3
251581931.0
251766933.9
251895935.9
251998937.5
251999937.5
252000937.5
252241941.3
252408943.9
252545946.0
252650947.7
252826950.4
252965952.6
253139955.3
253292957.7
253419959.7
253599962.5
253760965.0
253882966.9
254067969.8
254173971.5
254409975.2
254575977.7
254750980.5
254940983.5
255062985.4
255269988.6
255443991.3
255674994.9
255826997.3
255967999.5
255999000.0
256000000.0
256001000.0
256134002.1
256259004.0
256390006.1
256543008.5
256656010.2
256854013.3
257027016.0
257180018.4
257310020.5
257488023.2
257654025.8
257827028.5
258042031.9
258264035.4
258457038.4
258582040.3
258741042.8
258933045.8
259086048.2
259295051.5
259465054.1
259672057.4
259818059.7
259912061.1
259999062.5
260000062.5
260001062.5
260068063.6
260249066.4
260467069.8
260683073.2
260780074.7
260976077.8
261133080.2
261286082.6
261463085.4
261622087.8
261781090.3
261884091.9
262070094.8
262196096.8
262388099.8
262529102.0
262650103.9
262822106.6
262972108.9
263094110.8
263290113.9
263499117.2
263643119.4
263769121.4
263913123.6
263998125.0
263999125.0
264000125.0
264001125.0
264062126.0
264242128.8
264466132.3
264667135.4
264821137.8
265015140.9
265165143.2
265269144.8
265451147.7
265660150.9
265797153.1
265953155.5
266058157.2
266201159.4
266381162.2
266530164.5
266724167.6
266839169.4
266995171.8
267180174.7
267286176.3
267466179.2
267670182.3
267884185.7
267997187.5
267999187.5
268000187.5
268001187.5
268021187.8
268190190.5
268367193.2
268507195.4
268693198.3
268854200.8
269068204.2
269177205.9
269340208.4
269451210.2
269671213.6
269793215.5
269957218.1
270138220.9
270302223.5
270467226.0
270643228.8
270756230.6
270962233.8
271132236.4
271240238.1
271374240.2
271520242.5
271698245.3
271844247.6
271996249.9
271999250.0
272000250.0
272001250.0
272024250.4
272251253.9
272437256.8
272601259.4
272789262.3
273037266.2
273228269.2
273423272.2
273611275.2
273851278.9
274016281.5
274218284.7
274408287.6
274578290.3
274790293.6
274979296.6
275161299.4
275380302.8
275547305.4
275778309.0
275904311.0
275996312.4
275999312.5
276000312.5
276001312.5
276019312.8
276147314.8
276289317.0
276450319.5
276607322.0
276747324.2
276917326.8
277147330.4
277366333.8
277514336.2
277688338.9
277811340.8
278006343.8
278180346.6
278299348.4
278469351.1
278642353.8
278825356.6
278959358.7
279129361.4
279321364.4
279489367.0
279718370.6
279991374.9
279998375.0
279999375.0
280000375.0
280001375.0
280013375.2
280154377.4
280326380.1
280498382.8
280627384.8
280805387.6
280981390.3
281161393.1
281311395.5
281453397.7
281628400.4
281815403.4
281982406.0
282107407.9
282246410.1
282448413.3
282612415.8
282831419.2
283025422.3
283184424.8
283351427.4
283529430.1
283701432.8
283879435.6
283997437.5
283999437.5
284000437.5
284001437.5
284030438.0
284209440.8
284442444.4
284602446.9
284768449.5
284893451.5
285060454.1
285308457.9
285532461.4
285717464.3
285880466.9
286038469.3
286223472.2
286373474.6
286515476.8
286656479.0
286852482.1
287011484.6
287186487.3
287352489.9
287607493.9
287763496.3
287946499.2
287996499.9
287998500.0
287999500.0
288000500.0
288001500.0
288013500.2
288142502.2
288314504.9
288509508.0
288699510.9
288873513.6
289081516.9
289314520.5
289544524.1
289662526.0
289852528.9
290043531.9
290265535.4
290414537.7
290592540.5
290723542.6
290862544.7
291044547.6
291222550.4
291361552.5
291554555.5
291773559.0
291994562.4
291998562.5
291999562.5
292000562.5
292003562.6
292069563.6
292249566.4
292421569.1
292596571.8
292752574.3
292933577.1
293072579.3
293272582.4
293467585.4
293665588.5
293863591.6
293985593.5
294152596.1
294323598.8
294570602.7
294710604.9
294931608.3
295103611.0
295301614.1
295512617.4
295717620.6
295862622.9
295996624.9
295998625.0
295999625.0
296000625.0
296007625.1
296132627.1
296299629.7
296436631.8
296620634.7
296796637.4
297017640.9
297174643.4
297399646.9
297660650.9
297883654.4
298113658.0
298294660.9
298443663.2
298664666.6
298840669.4
298999671.9
299153674.3
299306676.7
299420678.4
299591681.1
299756683.7
299910686.1
299996687.4
299998687.5
299999687.5
300000687.5
300004687.6
300108689.2
300312692.4
300432694.3
300641697.5
300807700.1
300984702.9
301102704.7
301256707.1
301482710.7
301718714.4
301944717.9
302157721.2
302393724.9
302524726.9
302702729.7
302872732.4
303077735.6
303307739.2
303510742.4
303748746.1
303903748.5
303997750.0
303998750.0
303999750.0
304000750.0
304010750.2
304186752.9
304419756.6
304572758.9
304671760.5
304834763.0
305044766.3
305264769.8
305436772.4
305659775.9
305791778.0
305998781.2
306241785.0
306388787.3
306620790.9
306813794.0
307005797.0
307210800.2
307334802.1
307526805.1
307699807.8
307837810.0
307962811.9
307998812.5
307999812.5
308000812.5
308024812.9
308150814.9
308393818.7
308491820.2
308663822.9
308810825.2
308983827.9
309115829.9
309270832.4
309432834.9
309579837.2
309756839.9
309908842.3
310114845.5
310305848.5
310509851.7
310740855.3
310942858.5
311118861.2
311259863.4
311496867.1
311670869.9
311827872.3
311990874.9
311998875.0
311999875.0
312000875.0
312026875.4
312221878.5
312399881.2
312574884.0
312817887.8
313043891.3
313218894.0
313473898.0
313738902.2
313864904.1
314078907.5
314275910.6
314471913.6
314655916.5
314809918.9
314999921.9
315159924.4
315392928.0
315587931.1
315737933.4
315923936.3
315998937.5
315999937.5
316000937.5
316128939.5
316277941.8
316409943.9
316586946.7
316742949.1
316908951.7
317097954.7
317309958.0
317494960.9
317737964.7
317847966.4
318027969.2
318268973.0
318460976.0
318722980.0
318924983.2
319158986.9
319278988.7
319477991.8
319708995.5
319892998.3
319999000.0
320000000.0
320001000.0
320249003.9
320449007.0
320621009.7
320778012.2
320938014.7
321084016.9
321250019.5
321497023.4
321719026.9
321965030.7
322106032.9
322268035.4
322463038.5
322680041.9
322900045.3
323052047.7
323273051.1
323474054.3
323637056.8
323792059.2
323939061.5
323999062.5
324000062.5
324001062.5
324112064.2
324289067.0
324517070.6
324701073.5
324915076.8
325072079.2
325325083.2
325505086.0
325717089.3
325883091.9
326027094.2
326247097.6
326391099.9
326519101.9
326682104.4
326900107.8
327132111.4
327282113.8
327578118.4
327750121.1
327997125.0
327999125.0
328000125.0
328001125.0
328098126.5
328308129.8
328484132.6
328722136.3
328970140.2
329206143.8
329419147.2
329523148.8
329760152.5
329975155.9
330201159.4
330451163.3
330626166.0
330771168.3
331015172.1
331264176.0
331467179.2
331584181.0
331828184.8
331996187.4
331999187.5
332000187.5
332001187.5
332035188.0
332260191.6
332431194.2
332655197.7
332852200.8
333057204.0
333232206.8
333503211.0
333663213.5
333873216.8
334089220.1
334319223.7
334526227.0
334698229.7
334813231.5
335061235.3
335292238.9
335541242.8
335763246.3
335996249.9
335999250.0
336000250.0
336001250.0
336022250.3
336258254.0
336404256.3
336631259.9
336828262.9
336932264.6
337093267.1
337308270.4
337442272.5
337649275.8
337780277.8
337938280.3
338109283.0
338291285.8
338496289.0
338713292.4
338935295.9
339122298.8
339305301.6
339532305.2
339712308.0
339899310.9
339997312.5
339999312.5
340000312.5
340001312.5
340042313.2
340233316.1
340413319.0
340597321.8
340780324.7
340956327.4
341128330.1
341329333.3
341456335.3
341616337.8
341809340.8
342049344.5
342227347.3
342464351.0
342668354.2
342813356.5
342969358.9
343135361.5
343316364.3
343475366.8
343659369.7
343878373.1
343996374.9
343999375.0
344000375.0
344001375.0
344018375.3
344154377.4
344413381.5
344541383.5
344737386.5
344924389.4
345091392.1
345250394.5
345439397.5
345632400.5
345826403.5
345996406.2
346175409.0
346381412.2
346596415.6
346780418.4
346998421.8
347249425.8
347374427.7
347515429.9
347709433.0
347889435.8
347996437.4
347999437.5
348000437.5
348001437.5
348026437.9
348202440.7
348357443.1
348515445.6
348716448.7
348949452.3
349210456.4
349445460.1
349713464.3
349886467.0
350082470.0
350332473.9
350526477.0
350749480.5
350917483.1
351130486.4
351354489.9
351554493.0
351743496.0
351995499.9
351999500.0
352000500.0
352001500.0
352035500.6
352216503.4
352352505.5
352561508.8
352720511.3
352899514.1
353058516.5
353216519.0
353410522.0
353516523.7
353679526.2
353848528.9
354025531.6
354207534.5
354389537.3
354559540.0
354719542.5
354907545.4
355089548.3
355207550.1
355434553.7
355634556.8
355809559.5
355992562.4
355998562.5
355999562.5
356000562.5
356003562.6
356114564.3
356288567.0
356476569.9
356643572.6
356860575.9
357120580.0
357393584.3
357641588.1
357856591.5
358073594.9
358342599.1
358579602.8
358808606.4
358981609.1
359215612.7
359440616.3
359668619.8
359916623.7
359997625.0
359998625.0
359999625.0
360000625.0
360007625.1
360233628.6
360417631.5
360608634.5
360803637.6
361002640.7
361193643.6
361371646.4
361578649.7
361808653.3
361989656.1
362160658.8
362342661.6
362473663.6
362727667.6
362862669.7
363099673.4
363325677.0
363453679.0
363611681.4
363881685.6
363996687.4
363998687.5
363999687.5
364000687.5
364010687.7
364203690.7
364438694.4
364759699.4
365010703.3
365224706.6
365450710.2
365679713.7
365880716.9
366118720.6
366311723.6
366512726.8
366651728.9
366797731.2
367006734.5
367154736.8
367255738.4
367501742.2
367761746.3
367961749.4
367997750.0
367998750.0
367999750.0
368000750.0
368010750.2
368160752.5
368342755.4
368523758.2
368752761.8
368995765.6
369176768.4
369367771.4
369525773.8
369674776.2
369934780.2
370098782.8
370266785.4
370498789.0
370737792.8
370956796.2
371173799.6
371353802.4
371545805.4
371812809.6
371997812.5
371998812.5
371999812.5
372000812.5
372047813.2
372301817.2
372503820.4
372726823.9
372920826.9
373086829.5
373337833.4
373571837.1
373737839.7
373985843.5
374240847.5
374489851.4
374680854.4
374915858.1
375138861.5
375392865.5
375666869.8
375989874.8
375998875.0
375999875.0
376000875.0
376046875.7
376239878.7
376388881.1
376597884.3
376802887.5
377087892.0
377308895.4
377474898.0
377646900.7
377820903.4
378078907.5
378262910.4
378456913.4
378590915.5
378820919.1
379042922.5
379262926.0
379494929.6
379735933.4
379912936.1
379998937.5
379999937.5
380000937.5
380188940.5
380412944.0
380620947.2
380815950.2
380983952.9
381166955.7
381318958.1
381520961.3
381743964.7
381971968.3
382202971.9
382317973.7
382464976.0
382639978.7
382874982.4
383066985.4
383265988.5
383439991.2
383585993.5
383859997.8
383999000.0
384000000.0
384001000.0
384167002.6
384363005.7
384530008.3
384758011.8
384929014.5
385100017.2
385394021.8
385548024.2
385719026.9
385896029.6
386099032.8
386278035.6
386446038.2
386728042.6
386981046.6
387140049.1
387370052.7
387530055.2
387721058.1
387876060.6
387998062.5
387999062.5
388000062.5
388001062.5
388143064.7
388351068.0
388637072.5
388907076.7
389141080.3
389345083.5
389608087.6
389786090.4
389959093.1
390146096.0
390416100.2
390630103.6
390774105.8
390971108.9
391164111.9
391376115.3
391686120.1
391987124.8
391999125.0
392000125.0
392001125.0
392071126.1
392284129.4
392503132.9
392714136.2
392868138.6
393090142.0
393307145.4
393545149.1
393781152.8
394001156.3
394202159.4
394390162.3
394549164.8
394739167.8
395040172.5
395201175.0
395312176.8
395443178.8
395715183.0
395900185.9
395998187.5
395999187.5
396000187.5
396001187.5
396073188.6
396289192.0
396506195.4
396690198.3
396957202.5
397146205.4
397305207.9
397447210.1
397699214.0
397948217.9
398166221.3
398318223.7
398588227.9
398736230.3
398966233.8
399182237.2
399420240.9
399617244.0
399877248.1
399997250.0
399999250.0
400000250.0
400001250.0
400033250.5
400233253.6
400451257.0
400718261.2
400981265.3
401179268.4
401372271.4
401547274.2
401686276.3
401907279.8
402178284.0
402383287.2
402583290.4
402803293.8
403023297.2
403259300.9
403474304.3
403676307.4
403935311.5
403997312.5
403999312.5
404000312.5
404001312.5
404045313.2
404324317.6
404452319.6
404717323.7
404928327.0
405109329.8
405299332.8
405443335.1
405557336.8
405838341.2
406068344.8
406389349.8
406563352.6
406768355.8
407017359.6
407273363.6
407385365.4
407619369.1
407863372.9
407997375.0
407999375.0
408000375.0
408001375.0
408033375.5
408220378.4
408399381.2
408601384.4
408869388.6
409089392.0
409338395.9
409450397.7
409616400.3
409865404.1
410111408.0
410320411.3
410515414.3
410804418.8
411011422.1
411221425.3
411420428.4
411644431.9
411799434.4
411961436.9
411997437.5
411999437.5
412000437.5
412001437.5
412032438.0
412210440.8
412494445.2
412728448.9
412855450.9
413057454.0
413339458.4
413596462.4
413774465.2
413954468.0
414203471.9
414397475.0
414539477.2
414736480.3
414889482.6
415101486.0
415267488.6
415478491.8
415758496.2
415971499.6
415998500.0
415999500.0
416000500.0
416008500.1
416244503.8
416474507.4
416668510.4
416905514.1
417177518.4
417479523.1
417760527.5
418009531.4
418310536.1
418573540.2
418848544.5
419048547.6
419224550.4
419433553.6
419646557.0
419899560.9
419996562.4
419998562.5
419999562.5
420000562.5
420005562.6
420256566.5
420500570.3
420785574.8
420953577.4
421120580.0
421353583.6
421538586.5
421757590.0
421958593.1
422178596.5
422413600.2
422697604.6
422922608.2
423189612.3
423344614.8
423504617.3
423650619.5
423874623.0
423997625.0
423998625.0
423999625.0
424000625.0
424007625.1
424138627.2
424310629.9
424555633.7
424780637.2
424964640.1
425224644.1
425409647.0
425636650.6
425834653.7
426146658.5
426341661.6
426608665.8
426850669.5
427120673.8
427370677.7
427618681.5
427841685.0
427997687.5
427998687.5
427999687.5
428000687.5
428021687.8
428241691.3
428446694.5
428716698.7
428923701.9
429177705.9
429374709.0
429556711.8
429786715.4
429982718.5
430203721.9
430508726.7
430732730.2
430960733.8
431178737.2
431450741.4
431592743.6
431877748.1
431997750.0
431998750.0
431999750.0
432000750.0
432015750.2
432254754.0
432458757.2
432709761.1
432940764.7
433128767.6
433283770.1
433462772.9
433757777.5
433985781.0
434154783.7
434395787.4
434613790.8
434843794.4
434999796.9
435262801.0
435451803.9
435634806.8
435889810.8
435997812.5
435998812.5
435999812.5
436000812.5
436036813.1
436256816.5
436496820.3
436742824.1
436874826.2
437048828.9
437273832.4
437516836.2
437832841.1
438057844.7
438296848.4
438563852.6
438763855.7
439031859.9
439288863.9
439534867.7
439684870.1
439893873.3
439998875.0
439999875.0
440000875.0
440111876.7
440359880.6
440542883.5
440804887.6
441001890.7
441203893.8
441435897.4
441678901.2
441931905.2
442177909.0
442443913.2
442696917.1
443000921.9
443183924.7
443529930.2
443716933.1
443879935.6
443998937.5
443999937.5
444000937.5
444160940.0
444392943.6
444621947.2
444790949.9
445060954.1
445194956.2
445362958.8
445527961.4
445781965.3
445988968.6
446275973.1
446495976.5
446720980.0
446933983.3
447235988.1
447467991.7
447759996.2
447999000.0
448000000.0
448001000.0
448255004.0
448489007.6
448690010.8
448877013.7
449083016.9
449345021.0
449577024.6
449788027.9
450087032.6
450304036.0
450531039.5
450823044.1
451039047.5
451266051.0
451436053.7
451609056.4
451796059.3
451999062.5
452000062.5
452001062.5
452184065.4
452395068.7
452638072.5
452866076.0
453093079.6
453224081.6
453476085.6
453759090.0
454023094.1
454250097.7
454537102.1
454852107.1
455109111.1
455327114.5
455570118.3
455758121.2
455958124.3
455999125.0
456000125.0
456001125.0
456093126.5
456350130.5
456496132.7
456638135.0
456788137.3
456982140.3
457140142.8
457439147.5
457666151.0
457963155.7
458212159.6
458437163.1
458668166.7
458888170.1
459092173.3
459379177.8
459599181.2
459858185.3
459998187.5
459999187.5
460000187.5
460001187.5
460100189.1
460282191.9
460569196.4
460751199.2
461017203.4
461202206.3
461413209.6
461685213.8
461969218.3
462236222.4
462429225.5
462648228.9
462954233.7
463188237.3
463463241.6
463730245.8
463997250.0
463999250.0
464000250.0
464001250.0
464056250.9
464322255.0
464562258.8
464787262.3
464997265.6
465292270.2
465537274.0
465802278.2
466032281.8
466150283.6
466454288.3
466699292.2
466948296.1
467141299.1
467340302.2
467646307.0
467825309.8
467996312.4
467999312.5
468000312.5
468001312.5
468047313.2
468323317.5
468578321.5
468822325.3
469023328.5
469206331.3
469412334.6
469697339.0
469979343.4
470228347.3
470422350.3
470690354.5
470946358.5
471246363.2
471436366.2
471678370.0
471940374.1
471998375.0
471999375.0
472000375.0
472001375.0
472079376.2
472329380.1
472574384.0
472941389.7
473207393.9
473521398.8
473779402.8
474011406.4
474164408.8
474341411.6
474633416.1
474978421.5
475175424.6
475501429.7
475755433.7
475981437.2
475998437.5
475999437.5
476000437.5
476001437.5
476042438.2
476326442.6
476617447.1
476853450.8
477099454.7
477347458.6
477656463.4
477794465.5
477928467.6
478114470.5
478456475.9
478650478.9
478874482.4
479176487.1
479478491.8
479730495.8
479890498.3
479997500.0
479999500.0
480000500.0
480001500.0
480045500.7
480332505.2
480619509.7
480862513.5
481172518.3
481343521.0
481520523.8
481838528.7
482098532.8
482317536.2
482433538.0
482653541.5
482898545.3
483084548.2
483343552.2
483575555.9
483788559.2
483997562.5
483998562.5
483999562.5
484000562.5
484011562.7
484243566.3
484405568.8
484730573.9
484962577.5
485157580.6
485439585.0
485742589.7
486002593.8
486155596.2
486403600.1
486610603.3
486782606.0
487023609.7
487275613.7
487481616.9
487830622.4
487996624.9
487998625.0
487999625.0
488000625.0
488009625.1
488274629.3
488467632.3
488733636.5
489081641.9
489317645.6
489625650.4
489906654.8
490111658.0
490303661.0
490513664.3
490714667.4
490942671.0
491168674.5
491475679.3
491737683.4
491997687.5
491998687.5
491999687.5
492000687.5
492021687.8
492206690.7
492492695.2
492744699.1
492973702.7
493185706.0
493367708.9
493542711.6
493690713.9
493945717.9
494246722.6
494364724.4
494527727.0
494731730.2
495019734.7
495278738.7
495493742.1
495762746.3
495996749.9
495998750.0
495999750.0
496000750.0
496034750.5
496285754.5
496518758.1
496693760.8
496994765.5
497262769.7
497494773.4
497750777.4
497904779.8
498184784.1
498543789.7
498786793.5
499040797.5
499320801.9
499565805.7
499877810.6
499997812.5
499998812.5
499999812.5
500000812.5
500037813.1
500301817.2
500559821.2
500849825.8
501175830.9
501471835.5
501836841.2
502162846.3
502316848.7
502621853.5
502888857.6
503198862.5
503437866.2
503637869.3
503917873.7
503998875.0
503999875.0
504000875.0
504110876.7
504328880.1
504617884.7
504872888.6
505053891.5
505279895.0
505510898.6
505745902.3
505982906.0
506273910.5
506539914.7
506744917.9
506896920.3
507114923.7
507377927.8
507682932.5
507939936.6
507998937.5
507999937.5
508000937.5
508136939.6
508465944.8
508745949.2
509029953.6
509314958.0
509574962.1
509861966.6
510133970.8
510327973.9
510614978.4
510764980.7
510953983.7
511100986.0
511356990.0
511597993.7
511842997.5
511999000.0
512000000.0
512001000.0
512313004.9
512617009.6
512823012.9
513072016.7
513326020.7
513604025.1
513870029.2
514161033.8
514434038.0
514734042.7
514921045.6
515166049.5
515434053.7
515642056.9
515825059.8
515999062.5
516000062.5
516001062.5
516210065.8
516533070.8
516813075.2
517192081.1
517522086.3
517889092.0
518124095.7
518303098.5
518475101.2
518700104.7
518927108.2
519169112.0
519533117.7
519901123.5
519998125.0
519999125.0
520000125.0
520001125.0
520125127.0
520414131.5
520696135.9
520884138.8
521144142.9
521474148.0
521746152.3
522048157.0
522297160.9
522499164.0
522814169.0
523140174.1
523482179.4
523797184.3
523998187.5
523999187.5
524000187.5
524001187.5
524118189.3
524403193.8
524746199.2
525070204.2
525301207.8
525545211.6
525827216.0
526103220.4
526398225.0
526628228.6
526959233.7
527271238.6
527556243.1
527874248.0
527998250.0
527999250.0
528000250.0
528001250.0
528106251.7
528417256.5
528754261.8
528962265.0
529194268.7
529384271.6
529743277.2
530033281.8
530309286.1
530601290.6
530861294.7
531232300.5
531501304.7
531799309.4
531997312.5
531999312.5
532000312.5
532001312.5
532052313.3
532352318.0
532598321.8
532850325.8
533113329.9
533362333.8
533601337.5
533791340.5
534089345.1
534342349.1
534603353.2
534804356.3
535124361.3
535411365.8
535629369.2
535983374.7
535999375.0
536000375.0
536001375.0
536061376.0
536336380.3
536699385.9
537027391.1
537342396.0
537676401.2
538074407.4
538349411.7
538687417.0
538954421.2
539176424.6
539373427.7
539616431.5
539805434.5
539977437.1
539998437.5
539999437.5
540000437.5
540001437.5
540074438.7
540345442.9
540572446.4
540923451.9
541271457.4
541563461.9
541953468.0
542161471.3
542384474.8
542628478.6
542877482.5
543128486.4
543425491.0
543704495.4
543997500.0
543998500.0
543999500.0
544000500.0
544007500.1
544301504.7
544594509.3
544811512.7
545141517.8
545375521.5
545568524.5
545848528.9
546209534.5
546525539.5
546801543.8
546961546.3
547300551.6
547648557.0
547997562.5
547998562.5
547999562.5
548000562.5
548018562.8
548351568.0
548656572.8
548848575.8
549155580.6
549333583.3
549592587.4
549840591.3
550185596.6
550464601.0
550768605.8
550966608.9
551221612.8
551432616.1
551696620.3
551983624.7
551998625.0
551999625.0
552000625.0
552015625.2
552224628.5
552605634.5
552942639.7
553194643.7
553493648.3
553762652.5
553969655.8
554138658.4
554383662.2
554778668.4
555054672.7
555336677.1
555615681.5
555890685.8
555997687.5
555998687.5
555999687.5
556000687.5
556022687.9
556292692.1
556659697.8
556947702.3
557251707.1
557448710.1
557719714.4
557963718.2
558260722.8
558516726.8
558722730.0
558977734.0
559267738.6
559535742.7
559825747.3
559998750.0
559999750.0
560000750.0
560058750.9
560310754.9
560668760.4
560896764.0
561124767.6
561471773.0
561792778.0
562130783.3
562488788.9
562755793.1
563040797.5
563305801.7
563551805.5
563771808.9
563997812.5
563998812.5
563999812.5
564000812.5
564055813.4
564369818.3
564701823.5
564961827.5
565335833.4
565556836.8
565735839.6
565891842.1
566120845.6
566493851.5
566709854.8
567036859.9
567400865.6
567705870.4
567998875.0
567999875.0
568000875.0
568132877.1
568423881.6
568666885.4
569097892.2
569463897.9
569699901.6
570018906.5
570284910.7
570559915.0
570815919.0
571039922.5
571283926.3
571606931.4
571890935.8
571998937.5
571999937.5
572000937.5
572345942.9
572694948.4
572986952.9
573201956.3
573456960.3
573687963.9
574026969.2
574344974.1
574719980.0
575121986.3
575384990.4
575686995.1
575999000.0
576000000.0
576001000.0
576341005.3
576622009.7
576881013.8
577217019.0
577484023.2
577792028.0
578081032.5
578322036.3
578672041.7
578989046.7
579323051.9
579553055.5
579852060.2
579999062.5
580000062.5
580001062.5
580301067.2
580598071.8
580779074.7
581098079.7
581333083.3
581582087.2
581833091.1
582161096.3
582500101.6
582730105.2
582955108.7
583139111.5
583477116.8
583705120.4
583998125.0
583999125.0
584000125.0
584001125.0
584154127.4
584492132.7
584869138.6
585223144.1
585563149.4
585877154.3
586229159.8
586619165.9
586927170.7
587300176.6
587518180.0
587779184.0
587998187.5
587999187.5
588000187.5
588001187.5
588132189.6
588481195.0
588669198.0
588854200.8
589089204.5
589432209.9
589761215.0
590059219.7
590375224.6
590753230.5
591072235.5
591326239.5
591738245.9
591997250.0
591999250.0
592000250.0
592001250.0
592163252.5
592468257.3
592790262.3
593051266.4
593393271.8
593718276.8
594049282.0
594404287.6
594696292.1
594990296.7
595316301.8
595501304.7
595819309.7
595997312.5
595999312.5
596000312.5
596001312.5
596091313.9
596392318.6
596658322.8
597053329.0
597254332.1
597603337.5
597967343.2
598240347.5
598540352.2
598877357.5
599136361.5
599512367.4
599906373.5
599998375.0
599999375.0
600000375.0
600001375.0
600088376.4
600395381.2
600689385.8
601088392.0
601409397.0
601783402.9
602055407.1
602324411.3
602715417.4
602884420.1
603287426.4
603663432.2
603997437.5
603999437.5
604000437.5
604001437.5
604187440.4
604405443.8
604723448.8
604923451.9
605245457.0
605581462.2
605950468.0
606381474.7
606710479.8
607131486.4
607528492.6
607817497.1
607997500.0
607998500.0
607999500.0
608000500.0
608010500.2
608408506.4
608742511.6
609137517.8
609486523.2
609792528.0
610094532.7
610303536.0
610669541.7
611025547.3
611321551.9
611525555.1
611886560.7
611997562.5
611998562.5
611999562.5
612000562.5
612017562.8
612377568.4
612634572.4
612885576.3
613163580.7
613479585.6
613873591.8
614103595.4
614457600.9
614707604.8
615044610.1
615421616.0
615684620.1
615997625.0
615998625.0
615999625.0
616000625.0
616036625.6
616213628.3
616544633.5
616793637.4
617096642.1
617371646.4
617764652.6
618074657.4
618449663.3
618772668.3
619144674.1
619510679.9
619934686.5
619998687.5
619999687.5
620000687.5
620023687.9
620384693.5
620661697.8
621044703.8
621318708.1
621616712.8
622053719.6
622402725.0
622813731.5
623105736.0
623432741.1
623800746.9
623997750.0
623998750.0
623999750.0
624000750.0
624068751.1
624373755.8
624678760.6
625035766.2
625265769.8
625633775.5
625956780.6
626210784.5
626540789.7
626892795.2
627099798.4
627313801.8
627544805.4
627835809.9
627998812.5
627999812.5
628000812.5
628119814.4
628499820.3
628816825.3
629155830.6
629538836.5
629843841.3
630193846.8
630561852.5
630981859.1
631354864.9
631598868.7
631915873.7
631998875.0
631999875.0
632000875.0
632211878.3
632573884.0
632938889.7
633205893.8
633547899.2
633790903.0
634049907.0
634404912.6
634856919.6
635221925.3
635649932.0
635998937.5
635999937.5
636000937.5
636291942.1
636667947.9
637001953.2
637244956.9
637519961.2
637828966.1
638211972.1
638484976.3
638825981.7
639276988.7
639505992.3
639859997.8
639999000.0
640000000.0
640001000.0
640189002.9
640526008.2
640905014.1
641169018.3
641445022.6
641834028.7
642211034.5
642457038.4
642798043.7
643014047.1
643383052.9
643702057.8
643902061.0
643999062.5
644000062.5
644001062.5
644403068.8
644823075.4
645203081.3
645494085.8
645765090.1
645985093.5
646172096.4
646495101.5
646822106.6
647051110.2
647509117.3
647868122.9
647999125.0
648000125.0
648001125.0
648343130.4
648680135.6
648877138.7
649253144.6
649666151.0
649978155.9
650327161.4
650760168.1
650998171.8
651286176.3
651530180.2
651771183.9
651998187.5
651999187.5
652000187.5
652001187.5
652137189.6
652477195.0
652806200.1
653082204.4
653461210.3
653841216.3
654102220.3
654480226.3
654738230.3
655044235.1
655413240.8
655631244.2
655959249.4
655999250.0
656000250.0
656001250.0
656156252.4
656461257.2
656960265.0
657431272.4
657843278.8
658229284.8
658467288.5
658666291.7
659013297.1
659299301.5
659716308.1
659953311.8
659999312.5
660000312.5
660001312.5
660179315.3
660576321.5
660873326.1
661216331.5
661639338.1
661941342.8
662252347.7
662594353.0
662881357.5
663080360.6
663374365.2
663715370.5
663997375.0
663999375.0
664000375.0
664001375.0
664078376.2
664428381.7
664861388.5
665198393.7
665614400.2
665885404.5
666202409.4
666496414.0
666840419.4
667138424.0
667548430.4
667996437.4
667999437.5
668000437.5
668001437.5
668132439.6
668433444.3
668743449.1
669179455.9
669451460.2
669764465.1
670080470.0
670560477.5
670951483.6
671286488.8
671558493.1
671922498.8
671998500.0
671999500.0
672000500.0
672001500.0
672087501.4
672407506.4
672732511.4
673124517.6
673387521.7
673734527.1
674129533.3
674526539.5
674821544.1
675106548.5
675561555.6
675995562.4
675998562.5
675999562.5
676000562.5
676017562.8
676368568.3
676646572.6
676999578.1
677414584.6
677717589.3
678118595.6
678447600.7
678752605.5
679167612.0
679459616.6
679868622.9
679998625.0
679999625.0
680000625.0
680050625.8
680479632.5
680896639.0
681259644.7
681603650.1
681997656.2
682334661.5
682689667.0
683069673.0
683389678.0
683767683.9
683997687.5
683998687.5
683999687.5
684000687.5
684043688.2
684453694.6
684681698.1
685074704.3
685490710.8
685804715.7
686294723.4
686663729.1
687151736.7
687453741.5
687794746.8
687998750.0
687999750.0
688000750.0
688069751.1
688434756.8
688838763.1
689234769.3
689558774.4
689916779.9
690146783.5
690589790.5
690842794.4
691062797.9
691446803.9
691695807.7
691961811.9
691998812.5
691999812.5
692000812.5
692233816.1
692695823.4
692978827.8
693380834.1
693626837.9
693978843.4
694394849.9
694864857.3
695051860.2
695282863.8
695607868.9
695998875.0
695999875.0
696000875.0
696177877.8
696537883.4
696968890.1
697441897.5
697846903.9
698185909.2
698511914.2
698826919.2
699178924.7
699475929.3
699977937.2
699998937.5
699999937.5
700000937.5
700384943.5
700777949.7
700976952.8
701463960.4
701853966.5
702254972.7
702661979.1
703150986.7
703546992.9
703918998.7
703999000.0
704000000.0
704001000.0
704337005.3
704655010.2
705062016.6
705366021.3
705659025.9
706199034.4
706555039.9
707077048.1
707530055.2
707894060.8
707999062.5
708000062.5
708001062.5
708312067.4
708640072.5
709014078.3
709327083.2
709783090.4
710181096.6
710443100.7
710797106.2
711155111.8
711570118.3
711979124.7
711999125.0
712000125.0
712001125.0
712266129.2
712600134.4
713072141.7
713428147.3
713887154.5
714197159.3
714537164.6
715065172.9
715515179.9
715904186.0
715999187.5
716000187.5
716001187.5
716184190.4
716517195.6
716867201.0
717378209.0
717818215.9
718258222.8
718644228.8
718895232.7
719343239.7
719770246.4
719997250.0
719999250.0
720000250.0
720001250.0
720157252.5
720545258.5
720878263.7
721234269.3
721669276.1
721961280.6
722396287.4
722722292.5
722988296.7
723373302.7
723897310.9
723998312.5
723999312.5
724000312.5
724001312.5
724342317.8
724723323.8
725157330.6
725582337.2
726034344.3
726401350.0
726905357.9
727342364.7
727855372.7
727998375.0
727999375.0
728000375.0
728001375.0
728159377.5
728547383.5
728980390.3
729447397.6
729990406.1
730396412.4
730881420.0
731073423.0
731400428.1
731827434.8
731998437.5
731999437.5
732000437.5
732001437.5
732135439.6
732576446.5
733012453.3
733482460.7
733793465.5
733998468.7
734442475.7
734896482.8
735203487.6
735697495.3
735998500.0
735999500.0
736000500.0
736001500.0
736221503.5
736637510.0
737104517.3
737502523.5
737918530.0
738244535.1
738734542.7
739206550.1
739605556.3
739997562.5
739998562.5
739999562.5
740000562.5
740021562.8
740288567.0
740648572.6
741055579.0
741574587.1
742039594.4
742490601.4
742781606.0
743135611.5
743639619.4
743950624.2
743998625.0
743999625.0
744000625.0
744046625.7
744540633.4
744973640.2
745259644.7
745702651.6
746062657.2
746409662.6
746951671.1
747366677.6
747812684.6
747998687.5
747999687.5
748000687.5
748095689.0
748513695.5
748888701.4
749275707.4
749605712.6
750066719.8
750500726.6
750780730.9
751179737.2
751530742.7
751759746.2
751997750.0
751998750.0
751999750.0
752000750.0
752083751.3
752444756.9
752877763.7
753236769.3
753605775.1
754027781.7
754375787.1
754646791.4
755029797.3
755507804.8
755837810.0
755998812.5
755999812.5
756000812.5
756183815.4
756435819.3
756825825.4
757213831.5
757726839.5
758221847.2
758630853.6
759039860.0
759532867.7
759861872.8
759998875.0
759999875.0
760000875.0
760450882.0
760709886.1
761043891.3
761445897.6
761879904.4
762354911.8
762752918.0
763242925.7
763529930.2
763899935.9
763998937.5
763999937.5
764000937.5
764217940.9
764571946.4
764990953.0
765270957.4
765632963.0
766073969.9
766629978.6
767111986.1
767523992.6
767900998.4
767999000.0
768000000.0
768001000.0
768454007.1
768975015.2
769353021.1
769958030.6
770483038.8
770937045.9
771357052.4
771903061.0
771999062.5
772000062.5
772001062.5
772347067.9
772944077.2
773549086.7
773913092.4
774362099.4
774817106.5
775148111.7
775530117.7
775999125.0
776000125.0
776001125.0
776394131.2
776827137.9
777204143.8
777518148.7
778014156.5
778366162.0
778792168.6
779189174.8
779557180.6
779999187.5
780000187.5
780001187.5
780438194.3
780857200.9
781129205.1
781730214.5
782070219.8
782627228.5
783068235.4
783530242.7
783905248.5
783999250.0
784000250.0
784001250.0
784235253.7
784681260.6
785041266.3
785489273.3
785843278.8
786347286.7
786703292.2
787120298.8
787530305.2
787811309.5
787998312.5
787999312.5
788000312.5
788001312.5
788261316.6
788619322.2
788968327.6
789541336.6
790119345.6
790487351.4
790867357.3
791370365.2
791857372.8
791998375.0
791999375.0
792000375.0
792001375.0
792200378.1
792595384.3
793013390.8
793495398.4
793936405.3
794210409.5
794615415.9
794975421.5
795519430.0
795997437.5
795999437.5
796000437.5
796001437.5
796176440.3
796726448.8
797062454.1
797404459.4
797885467.0
798323473.8
798872482.4
799433491.1
799875498.1
799998500.0
799999500.0
800000500.0
800048500.8
800626509.8
800986515.4
801454522.7
801713526.8
802319536.2
802799543.7
803202550.0
803530555.2
803823559.7
803998562.5
803999562.5
804000562.5
804049563.3
804551571.1
805072579.3
805599587.5
806105595.4
806701604.7
807005609.5
807403615.7
807996624.9
807998625.0
807999625.0
808000625.0
808045625.7
808467632.3
808850638.3
809210643.9
809579649.7
810041656.9
810510664.2
810851669.6
811158674.4
811799684.4
811998687.5
811999687.5
812000687.5
812164690.1
812544696.0
812913701.8
813394709.3
813951718.0
814543727.2
815164736.9
815529742.6
815853747.7
815998750.0
815999750.0
816000750.0
816134752.1
816577759.0
817033766.1
817641775.6
818172783.9
818702792.2
819091798.3
819529805.1
819998812.5
819999812.5
820000812.5
820178815.3
820468819.8
820898826.5
821277832.5
821890842.0
822242847.5
822604853.2
823067860.4
823524867.6
823998875.0
823999875.0
824000875.0
824308879.8
824791887.4
825103892.2
825631900.5
826123908.2
826663916.6
827107923.6
827529930.2
827998937.5
827999937.5
828000937.5
828372943.3
828822950.4
829382959.1
829864966.6
830193971.8
830739980.3
831062985.4
831529992.7
831999000.0
832000000.0
832001000.0
832548008.6
833112017.4
833620025.3
834017031.5
834614040.8
835297051.5
835530055.2
835834059.9
835999062.5
836000062.5
836001062.5
836454069.6
836954077.4
837446085.1
838033094.3
838502101.6
838918108.1
839325114.5
839530117.7
839949124.2
839999125.0
840000125.0
840001125.0
840264129.1
840813137.7
841298145.3
841763152.5
842335161.5
842812168.9
843315176.8
843530180.2
843999187.5
844000187.5
844001187.5
844309192.3
844871201.1
845337208.4
846006218.8
846473226.1
846854232.1
847364240.1
847831247.4
847999250.0
848000250.0
848001250.0
848341255.3
848775262.1
849091267.0
849583274.7
850227284.8
850749293.0
851325302.0
851530305.2
851531305.2
851532305.2
851962311.9
851999312.5
852000312.5
852001312.5
852298317.2
852932327.1
853339333.4
853806340.7
854352349.3
854896357.8
855190362.3
855530367.7
855998375.0
855999375.0
856000375.0
856001375.0
856312379.9
856796387.4
857307395.4
857818403.4
858313411.1
858734417.7
859218425.3
859530430.2
859997437.5
859999437.5
860000437.5
860001437.5
860200440.6
860481445.0
860969452.6
861566462.0
862102470.3
862743480.4
863253488.3
863530492.7
863531492.7
863532492.7
863997500.0
863998500.0
863999500.0
864000500.0
864045500.7
864486507.6
864994515.5
865395521.8
865872529.3
866339536.6
866711542.4
867308551.7
867876560.6
867998562.5
867999562.5
868000562.5
868082563.8
868555571.2
869104579.8
869680588.8
870101595.3
870658604.0
871251613.3
871530617.7
871851622.7
871998625.0
871999625.0
872000625.0
872061626.0
872699635.9
873223644.1
873738652.2
874266660.4
874794668.7
875448678.9
875997687.5
875998687.5
875999687.5
876000687.5
876123689.4
876709698.6
877133705.2
877722714.4
878434725.5
878971733.9
879718745.6
879998750.0
879999750.0
880000750.0
880329755.1
880757761.8
881057766.5
881496773.4
882024781.6
882567790.1
883036797.4
883520805.0
883991812.4
883998812.5
883999812.5
884000812.5
884191815.5
884744824.1
885162830.7
885490835.8
885990843.6
886586852.9
886975859.0
887529867.6
887834872.4
887998875.0
887999875.0
888000875.0
888631884.9
889100892.2
889696901.5
890124908.2
890636916.2
891024922.3
891424928.5
891840935.0
891998937.5
891999937.5
892000937.5
892514945.5
893061954.1
893600962.5
894221972.2
894691979.6
895198987.5
895529992.7
895530992.7
895531992.7
895971999.6
895999000.0
896000000.0
896001000.0
896450007.0
896820012.8
897444022.6
897861029.1
898290035.8
898924045.7
899530055.2
899999062.5
900000062.5
900001062.5
900557071.2
900958077.5
901457085.3
901891092.0
902289098.3
903051110.2
903467116.7
903530117.7
903531117.7
903532117.7
903999125.0
904000125.0
904001125.0
904435131.8
904954139.9
905427147.3
906030156.7
906430163.0
907028172.3
907530180.2
907531180.2
907532180.2
907999187.5
908000187.5
908001187.5
908346192.9
908933202.1
909448210.1
909856216.5
910276223.1
910740230.3
911137236.5
911530242.7
911998250.0
911999250.0
912000250.0
912001250.0
912520258.1
913070266.7
913676276.2
914253285.2
914748292.9
915355302.4
915530305.2
915531305.2
915532305.2
915863310.4
915999312.5
916000312.5
916001312.5
916296317.1
916838325.6
917425334.8
917762340.0
918102345.3
918571352.7
919123361.3
919530367.7
919531367.7
919532367.7
919932373.9
919999375.0
920000375.0
920001375.0
920287379.5
920792387.4
921329395.8
921769402.6
922235409.9
922731417.7
923388427.9
923919436.2
923999437.5
924000437.5
924001437.5
924357443.1
924796449.9
925502461.0
926090470.2
926512476.8
927205487.6
927530492.7
927531492.7
927532492.7
927997500.0
927998500.0
927999500.0
928000500.0
928051500.8
928803512.6
929320520.6
929944530.4
930397537.5
930817544.0
931246550.7
931530555.2
931863560.4
931998562.5
931999562.5
932000562.5
932107564.2
932665572.9
933247582.0
933973593.3
934461601.0
935168612.0
935529617.6
935997625.0
935998625.0
935999625.0
936000625.0
936143627.2
936597634.3
937104642.3
937653650.8
938452663.3
938983671.6
939529680.1
939530680.2
939531680.2
939532680.2
939926686.3
939998687.5
939999687.5
940000687.5
940121689.4
940537695.9
940862701.0
941416709.6
941946717.9
942498726.5
942849732.0
943363740.1
943998750.0
943999750.0
944000750.0
944426756.7
945120767.5
945702776.6
946458788.4
946965796.3
947529805.1
947530805.2
947531805.2
947693807.7
947998812.5
947999812.5
948000812.5
948312817.4
948893826.5
949350833.6
949920842.5
950729855.1
951225862.9
951529867.6
951530867.7
951531867.7
951683870.1
951998875.0
951999875.0
952000875.0
952305879.8
952906889.2
953725902.0
954453913.3
955060922.8
955529930.2
955998937.5
955999937.5
956000937.5
956797950.0
957370958.9
957988968.6
958480976.3
958982984.1
959529992.7
959530992.7
959531992.7
959895998.4
959999000.0
960000000.0
960001000.0
960573008.9
961403021.9
962052032.1
962623041.0
963074048.0
963530055.2
963531055.2
963532055.2
963879060.6
963999062.5
964000062.5
964001062.5
964612072.1
965136080.2
965804090.7
966570102.7
967199112.5
967530117.7
967531117.7
967532117.7
967999125.0
968000125.0
968001125.0
968728136.4
969533149.0
970377162.1
971129173.9
971530180.2
971531180.2
971532180.2
971999187.5
972000187.5
972001187.5
972314192.4
972818200.3
973239206.9
973768215.1
974426225.4
975023234.7
975530242.7
975531242.7
975532242.7
975999250.0
976000250.0
976001250.0
976464257.2
977257269.6
977862279.1
978441288.1
979155299.3
979530305.2
979531305.2
979532305.2
979998312.5
979999312.5
980000312.5
980001312.5
980592321.7
981181331.0
982114345.5
982901357.8
983486367.0
983530367.7
983531367.7
983532367.7
983997375.0
983999375.0
984000375.0
984001375.0
984333380.2
985408397.0
986070407.3
986689417.0
987301426.6
987530430.2
987531430.2
987532430.2
987998437.5
987999437.5
988000437.5
988001437.5
988671448.0
989400459.4
990126470.7
990843481.9
991530492.7
991531492.7
991532492.7
991998500.0
991999500.0
992000500.0
992101501.6
993500523.4
995175549.6
995530555.2
995531555.2
995532555.2
995998562.5
995999562.5
996000562.5
996106564.2
999512617.4
999530617.7
999531617.7
999532617.7
999765621.3
